0	0.1560345 0.21534686 0.22911863 0.44124103 0.055150885 0.08887162 0.1258426 0.3713075 0.41015914 0.21459247 0.14165995 0.008606742 0.33155712 0.3911838 0.106735885 0.093140095 
1	0.03503519 0.007765114 0.13581975 0.18765675 0.5112327 0.20194688 0.03338574 0.45373067 0.2997729 0.16160463 0.014410469 0.15188368 0.43682703 0.29796207 0.0785222 0.10441045 
2	0.028671775 0.2902459 0.08500287 0.08250511 0.37699437 0.20783909 0.010686378 0.34309912 0.41730493 0.14896207 0.35150024 0.30668548 0.09654481 0.021430532 0.39760047 0.12626092 
3	0.028025338 0.078568384 0.28551507 0.027386388 0.2499081 0.31384087 0.41234943 0.06985832 0.016563667 0.42457584 0.19872244 0.38718498 0.24298969 0.2653438 0.041381985 0.27167025 
4	0.10960495 0.11423274 0.32007763 0.057844203 0.30210662 0.32973745 0.36798492 0.2867842 0.0718494 0.29317906 0.17146853 0.15912002 0.31255096 0.13833445 0.27325222 0.33787638 
5	0.26486763 0.17552164 0.4588247 0.053933445 0.037687752 0.43362486 0.13380899 0.05662654 0.42240462 0.3610269 0.0026538374 0.20355994 0.16774176 0.049969725 0.017508455 0.3064237 
6	0.16076036 0.349196 0.3137508 0.066187784 0.2835187 0.28807127 0.366096 0.35865614 0.18416259 0.13490696 0.11455349 0.10051228 0.27957195 0.40031046 0.04334637 0.0879809 
7	0.1704379 0.015241214 0.16750881 0.20980006 0.4681312 0.3072627 0.26894242 0.39055854 0.16558543 0.27171415 0.08441836 0.34077963 0.32390395 0.102704674 0.14207326 0.008308779 
8	0.024755651 0.019435173 0.090217024 0.376284 0.37660816 0.03515604 0.3119985 0.095972106 0.20242408 0.45403075 0.22059499 0.040083926 0.4413915 0.27433917 0.14916943 0.09964473 
9	0.30962017 0.33555308 0.32695898 0.2564713 0.113474816 0.06464027 0.121862754 0.2873575 0.34996966 0.21051121 0.10047569 0.14536652 0.31836227 0.24966806 0.15409164 0.34485734 
10	0.18674408 0.17305863 0.14005208 0.088930376 0.1990375 0.3706062 0.15984984 0.34862062 0.33000463 0.3228605 0.002129273 0.28006315 0.14947419 0.11235938 0.35369655 0.36325017 
11	0.38497975 0.22752784 0.18375911 0.051783852 0.27746928 0.27791095 0.27379784 0.12699057 0.01968589 0.35142595 0.23930155 0.26565436 0.12345367 0.35835359 0.11122586 0.33241937 
12	0.13460101 0.27501878 0.0113570215 0.3632042 0.26869544 0.19495149 0.33162948 0.21573944 0.13379015 0.33407503 0.10542351 0.30546772 0.031144038 0.07967869 0.29069564 0.4262896 
13	0.30723664 0.04642322 0.04655441 0.1628613 0.32622844 0.3222185 0.29071745 0.3460485 0.25230393 0.107914254 0.18977773 0.37659907 0.04497457 0.30176172 0.2875484 0.17700659 
14	0.134954 0.27273625 0.1000249 0.37562037 0.060432907 0.010141932 0.18193649 0.18026668 0.30936778 0.2763627 0.06695103 0.33726302 0.34772965 0.32732263 0.33216566 0.24135281 
15	0.35532328 0.36009297 0.0030226703 0.26975328 0.27100393 0.25814888 0.20157684 0.12055963 0.3528517 0.36812094 0.07919359 0.020460447 0.26107955 0.33153874 0.17579691 0.018921455 
16	0.30887392 0.37868154 0.011228563 0.38975596 0.39225528 0.25472826 0.113178 0.28846332 0.10676303 0.20278375 0.22200572 0.054313753 0.123022154 0.14872593 0.3773349 0.09999386 
17	0.11687079 0.33694616 0.42004827 0.45015135 0.19710454 0.21063437 0.1411025 0.1737284 0.20603636 0.23849475 0.19889066 0.06979886 0.18890794 0.41508567 0.09306846 0.00436506 
18	0.23156177 0.08161546 0.276237 0.14366709 0.2598916 0.35544667 0.3455533 0.33461162 0.13494694 0.13850643 0.010202495 0.22104621 0.24259494 0.2742871 0.2910287 0.33521527 
19	0.197331 0.288443 0.3634981 0.3696335 0.07280437 0.08707689 0.12173283 0.25291476 0.29556137 0.2955967 0.3139307 0.06093019 0.25868285 0.39528817 0.064745985 0.11433816 
20	0.07772915 0.33569205 0.24788313 0.33820868 0.32870138 0.2309767 0.31033581 0.10071214 0.006554995 0.32056138 0.3222584 0.24969874 0.23222752 0.25070405 0.2224309 0.048286833 
21	0.22323596 0.28283125 0.031205611 0.32198226 0.4009357 0.19631475 0.12280107 0.25959715 0.055024065 0.006377233 0.34223822 0.4058818 3.004811E-4 0.43005475 0.01874582 0.11632786 
22	0.26964125 0.26952547 0.054742735 0.23389642 0.13264734 0.37590298 0.33812138 0.13943097 0.33173424 0.29570884 0.021927902 0.19615057 0.17924614 0.25211713 0.24612164 0.33401284 
23	0.0724508 0.26835445 0.18173307 0.35103565 0.028009875 0.26705977 0.15466203 0.06624261 0.2714909 0.015710449 0.3482642 0.2716997 0.3145283 0.36128947 0.35252854 0.2080208 
24	0.38480604 0.04630129 0.099257 0.016407367 0.046288796 0.04202805 0.22756152 0.5486669 0.4898493 0.26076913 0.27643746 0.1920198 0.07329542 0.07988421 0.1285689 0.18277024 
25	0.33775 0.28054917 0.100142896 0.36720106 0.16521369 0.26276278 0.04071575 0.054537352 0.2792816 0.010762917 0.34021685 0.21385702 0.39064187 0.3147478 0.036444854 0.2622749 
26	0.34360206 0.10449014 0.27103788 0.3755 0.13345197 0.035557434 0.36129558 0.07871591 0.2152553 0.15949589 0.21103816 0.26576373 0.21454467 0.29963592 0.391712 0.15672454 
27	0.21893327 0.1165656 0.15142198 0.4123775 0.4242274 0.19909495 0.012408566 0.28740537 0.21169695 0.4107592 0.073979504 0.20526366 0.31546363 0.116651796 0.048528966 0.2578924 
28	0.21600558 0.3318284 0.21406381 0.3579011 0.36963555 0.1811033 0.024482025 0.18139479 0.35069057 0.24887265 0.046858087 0.16169418 0.15035126 0.046238486 0.32833475 0.3472367 
29	0.14874761 0.04666519 0.29635254 0.11368383 0.22296321 0.30734026 0.36818048 0.41042027 0.26035047 0.022973174 0.18146472 0.12897667 0.12626801 0.22443698 0.35733968 0.3389596 
30	0.14073636 0.15771474 0.28120905 0.09389247 0.33639234 0.30536315 0.27285764 0.27085721 0.13937387 0.3190881 0.01885714 0.2877113 0.36470726 0.34279415 0.21876857 0.10222064 
31	0.36168715 0.096727006 0.2006697 0.18701942 5.5586424E-4 0.16109866 0.18674435 0.24276178 0.18247077 0.3555623 0.36274973 0.2999388 0.18226562 0.3130934 0.23318335 0.31293514 
32	0.10904465 0.1579811 0.025375282 0.010805376 0.019171672 0.38213202 0.3649466 0.20140064 0.26126775 0.389602 0.03951173 0.20004976 0.29973298 0.32554793 0.3337015 0.27099863 
33	0.3471034 0.058798023 0.40167773 0.3476918 0.22932868 0.19489287 0.20020407 0.018020006 0.16680987 0.17972933 0.3355196 0.35974678 0.106690966 0.17789266 0.28654093 0.18865944 
34	0.2737798 0.28205737 0.18161309 0.2870802 0.17387736 0.06151064 0.0535173 0.35513258 0.33179808 0.08092867 0.120632485 0.16645351 0.30677843 0.35213882 0.35445955 0.2538406 
35	0.035498075 0.37716338 0.21591447 0.26235086 0.1698561 0.013861054 0.2801763 0.33486506 0.19164997 0.21197754 0.2906319 0.2971891 0.38794962 0.17398317 0.083715655 0.2812974 
36	0.071613915 0.26160863 0.17752476 0.24675645 0.32356682 0.23143147 0.2284718 0.28177792 0.312949 0.34998202 0.07344132 0.24595837 0.32868183 0.054478735 0.12564471 0.36204213 
37	0.038527645 0.38443968 0.2721534 0.22530517 0.3996816 0.14028703 0.15357573 0.17046969 0.3733822 0.033206504 0.057310905 0.36002573 0.22452225 0.1493665 0.22939211 0.30831683 
38	0.012761386 0.35948446 0.12919141 0.32412666 0.22036634 0.34904763 0.23345643 0.15969177 0.3240096 0.3041283 0.03455274 0.27847457 0.35655266 0.15545943 0.26504183 0.026415741 
39	0.14685625 0.16991004 0.2831487 0.10255905 0.32421544 0.45207068 0.29006314 0.25099087 0.004677885 0.35310093 0.16307516 0.25163585 0.03347555 0.4153896 0.10684412 0.050543204 
40	0.3371755 0.22870018 1.0404518E-4 0.18244378 0.2147265 0.2554704 0.35712263 0.17336495 0.1923617 0.39491817 0.08219491 0.1865974 0.16918801 0.37211096 0.21549226 0.2892967 
41	0.12708755 0.056536388 0.41134506 0.4193735 0.027825909 0.2365819 0.209386 0.032043103 0.118648425 0.35640115 0.25889727 0.14882722 0.294622 0.35521916 0.19439283 0.23002395 
42	0.16021764 0.1821888 0.40382367 0.3819164 0.0373238 0.36391163 0.15227997 0.23593156 0.36302233 0.23714378 0.01995725 0.12907332 0.21270671 0.24244665 0.019132964 0.33174545 
43	0.291036 0.39844844 0.31125844 0.31671438 0.21418087 0.10189388 0.34628445 0.32367226 0.028198162 0.18261 0.05842274 0.30008185 0.107823506 0.23781273 0.10976247 0.26567295 
44	0.018375488 0.13112631 0.2988344 0.06428569 0.076119654 0.48614663 0.35449368 0.020019105 0.27520898 0.37904215 0.17878595 0.03421248 0.17462727 0.20232049 0.4422765 0.035350744 
45	0.13905178 0.23151743 0.3038281 0.32765678 0.3212439 0.25424564 0.25816232 0.34607488 0.060533483 0.30960864 0.25580698 0.15548152 0.16450733 0.35246244 0.03491357 0.1774678 
46	0.13654883 0.3709784 0.33643615 0.21761656 0.35341635 0.17866322 0.23893699 0.11120489 0.04703448 0.4293447 0.14764132 0.2330132 0.10950673 0.083357416 0.2706619 0.3194712 
47	0.3849941 0.17262481 0.24802434 0.34031788 0.037987087 0.118645705 0.32898328 0.11926803 0.058346305 0.19644202 0.32803982 0.27923745 0.19368427 0.3749198 0.04150678 0.3151103 
48	0.26697022 0.397539 0.038042225 0.07822698 0.027462045 0.28597674 0.19361946 0.076267675 0.17602108 0.3468204 0.31805533 0.28965145 0.4333168 0.043441404 0.06568485 0.32709447 
49	0.17956534 0.2603935 0.12373568 0.2120698 0.3619152 0.4052372 0.31412402 0.0045200745 0.16600661 0.18749788 0.24345553 0.33173665 0.100985594 0.2789717 0.1940471 0.29675278 
