1 48 16 3.402823e+38 1 RT
1 31 16 3.402823e+38 1 RT
1 19 16 3.402823e+38 1 RT
1 33 0 3.402823e+38 1 B
1 20 0 3.402823e+38 0 B
1 40 0 3.402823e+38 1 B
1 7 0 3.402823e+38 0 B
1 7 16 3.402823e+38 1 RT
1 46 16 3.402823e+38 1 RT
1 11 0 3.402823e+38 1 B
1 15 16 3.402823e+38 1 RT
1 28 0 3.402823e+38 0 B
1 41 0 3.402823e+38 0 B
1 30 0 3.402823e+38 1 B
1 27 0 3.402823e+38 0 B
1 6 0 3.402823e+38 1 B
2 45 16 3.402823e+38 1 RT
2 22 0 3.402823e+38 1 B
2 25 0 3.402823e+38 0 B
2 4 0 3.402823e+38 0 B
2 17 0 3.402823e+38 1 B
2 9 0 3.402823e+38 1 B
2 36 0 3.402823e+38 0 B
2 21 0 3.402823e+38 1 B
2 1 0 3.402823e+38 0 B
2 42 0 3.402823e+38 0 B
2 35 0 3.402823e+38 1 B
2 49 16 3.402823e+38 1 RT
2 20 16 3.402823e+38 1 RT
2 24 16 3.402823e+38 1 RT
3 44 0 3.402823e+38 0 B
3 46 16 3.402823e+38 1 RT
3 6 16 3.402823e+38 1 RT
3 26 16 3.402823e+38 1 RT
3 13 16 3.402823e+38 1 RT
3 16 0 3.402823e+38 0 B
3 45 0 3.402823e+38 1 B
3 24 0 3.402823e+38 1 B
3 13 0 3.402823e+38 1 B
3 31 0 3.402823e+38 0 B
3 11 0 3.402823e+38 0 B
3 19 0 3.402823e+38 1 B
3 26 0 3.402823e+38 1 B
3 17 0 3.402823e+38 0 B
3 11 16 3.402823e+38 1 RT
3 23 16 3.402823e+38 1 RT
3 49 16 3.402823e+38 1 RT
3 14 16 3.402823e+38 1 RT
4 21 16 3.402823e+38 1 RT
4 5 16 3.402823e+38 1 RT
4 42 16 3.402823e+38 1 RT
4 50 0 3.402823e+38 0 B
4 12 0 3.402823e+38 0 B
4 44 0 3.402823e+38 0 B
4 42 0 3.402823e+38 1 B
4 3 0 3.402823e+38 0 B
4 5 0 3.402823e+38 1 B
4 31 0 3.402823e+38 1 B
4 32 0 3.402823e+38 1 B
4 26 0 3.402823e+38 1 B
4 19 0 3.402823e+38 0 B
4 36 16 3.402823e+38 1 RT
4 44 16 3.402823e+38 1 RT
5 48 16 3.402823e+38 1 RT
5 14 16 3.402823e+38 1 RT
5 42 16 3.402823e+38 1 RT
5 4 16 3.402823e+38 1 RT
5 40 0 3.402823e+38 1 B
5 17 0 3.402823e+38 0 B
5 33 0 3.402823e+38 0 B
5 43 0 3.402823e+38 1 B
5 8 0 3.402823e+38 0 B
5 6 0 3.402823e+38 0 B
5 4 0 3.402823e+38 1 B
5 20 0 3.402823e+38 1 B
5 26 0 3.402823e+38 1 B
5 39 0 3.402823e+38 0 B
5 29 16 3.402823e+38 1 RT
5 26 16 3.402823e+38 1 RT
5 16 16 3.402823e+38 1 RT
5 15 16 3.402823e+38 1 RT
6 9 0 3.402823e+38 1 B
6 21 0 3.402823e+38 1 B
6 32 0 3.402823e+38 1 B
6 3 0 3.402823e+38 1 B
6 35 0 3.402823e+38 0 B
6 13 0 3.402823e+38 0 B
6 40 0 3.402823e+38 1 B
6 45 0 3.402823e+38 0 B
6 27 0 3.402823e+38 0 B
6 33 0 3.402823e+38 0 B
6 37 16 3.402823e+38 1 RT
6 1 16 3.402823e+38 1 RT
7 36 16 3.402823e+38 1 RT
7 23 16 3.402823e+38 1 RT
7 28 16 3.402823e+38 1 RT
7 44 16 3.402823e+38 1 RT
7 47 16 3.402823e+38 1 RT
7 22 0 3.402823e+38 0 B
7 45 0 3.402823e+38 1 B
7 23 0 3.402823e+38 0 B
7 32 0 3.402823e+38 0 B
7 26 0 3.402823e+38 0 B
7 14 0 3.402823e+38 1 B
7 30 16 3.402823e+38 1 RT
7 28 0 3.402823e+38 1 B
7 1 0 3.402823e+38 1 B
7 20 0 3.402823e+38 0 B
7 13 0 3.402823e+38 1 B
7 18 16 3.402823e+38 1 RT
7 29 16 3.402823e+38 1 RT
8 48 16 3.402823e+38 1 RT
8 30 16 3.402823e+38 1 RT
8 32 16 3.402823e+38 1 RT
8 42 16 3.402823e+38 1 RT
8 21 0 3.402823e+38 1 B
8 27 0 3.402823e+38 0 B
8 40 0 3.402823e+38 1 B
8 14 0 3.402823e+38 0 B
8 22 0 3.402823e+38 1 B
8 48 0 3.402823e+38 0 B
8 29 0 3.402823e+38 1 B
8 46 0 3.402823e+38 0 B
8 36 0 3.402823e+38 1 B
8 33 0 3.402823e+38 0 B
9 39 0 3.402823e+38 1 B
9 50 16 3.402823e+38 1 RT
9 2 16 3.402823e+38 1 RT
9 6 16 3.402823e+38 1 RT
9 26 0 3.402823e+38 0 B
9 10 0 3.402823e+38 0 B
9 48 0 3.402823e+38 1 B
9 12 0 3.402823e+38 1 B
9 49 0 3.402823e+38 0 B
9 2 0 3.402823e+38 0 B
9 13 0 3.402823e+38 1 B
9 37 0 3.402823e+38 0 B
9 46 0 3.402823e+38 1 B
9 43 16 3.402823e+38 1 RT
10 45 0 3.402823e+38 0 B
10 21 0 3.402823e+38 1 B
10 44 0 3.402823e+38 0 B
10 32 0 3.402823e+38 1 B
10 48 0 3.402823e+38 1 B
10 24 0 3.402823e+38 1 B
10 28 0 3.402823e+38 0 B
10 33 0 3.402823e+38 1 B
10 16 0 3.402823e+38 0 B
10 12 0 3.402823e+38 0 B
10 34 16 3.402823e+38 1 RT
10 30 16 3.402823e+38 1 RT
10 48 16 3.402823e+38 1 RT
11 30 0 3.402823e+38 1 B
11 1 16 3.402823e+38 1 RT
11 23 0 3.402823e+38 0 B
11 12 0 3.402823e+38 0 B
11 15 0 3.402823e+38 1 B
11 3 0 3.402823e+38 1 B
11 37 0 3.402823e+38 1 B
11 4 0 3.402823e+38 0 B
11 31 0 3.402823e+38 0 B
11 19 0 3.402823e+38 1 B
11 18 0 3.402823e+38 0 B
11 41 16 3.402823e+38 1 RT
11 12 16 3.402823e+38 1 RT
11 39 16 3.402823e+38 1 RT
12 35 16 3.402823e+38 1 RT
12 18 16 3.402823e+38 1 RT
12 9 16 3.402823e+38 1 RT
12 11 0 3.402823e+38 1 B
12 7 0 3.402823e+38 0 B
12 27 0 3.402823e+38 1 B
12 50 0 3.402823e+38 0 B
12 18 0 3.402823e+38 0 B
12 16 0 3.402823e+38 0 B
12 29 0 3.402823e+38 1 B
12 40 0 3.402823e+38 1 B
12 44 0 3.402823e+38 0 B
12 36 0 3.402823e+38 1 B
13 20 0 3.402823e+38 0 B
13 28 0 3.402823e+38 1 B
13 23 0 3.402823e+38 1 B
13 17 0 3.402823e+38 0 B
13 3 0 3.402823e+38 1 B
13 35 0 3.402823e+38 1 B
13 12 0 3.402823e+38 0 B
13 1 0 3.402823e+38 0 B
13 15 0 3.402823e+38 1 B
13 27 0 3.402823e+38 0 B
13 9 16 3.402823e+38 1 RT
13 7 16 3.402823e+38 1 RT
13 19 16 3.402823e+38 1 RT
13 35 16 3.402823e+38 1 RT
13 44 16 3.402823e+38 1 RT
13 46 16 3.402823e+38 1 RT
13 3 16 3.402823e+38 1 RT
13 15 16 3.402823e+38 1 RT
14 7 16 3.402823e+38 1 RT
14 22 16 3.402823e+38 1 RT
14 38 16 3.402823e+38 1 RT
14 19 0 3.402823e+38 1 B
14 25 0 3.402823e+38 0 B
14 24 16 3.402823e+38 1 RT
14 49 0 3.402823e+38 1 B
14 22 0 3.402823e+38 0 B
14 38 0 3.402823e+38 1 B
14 35 0 3.402823e+38 0 B
14 3 0 3.402823e+38 1 B
14 34 0 3.402823e+38 0 B
14 5 0 3.402823e+38 1 B
14 15 0 3.402823e+38 0 B
14 32 16 3.402823e+38 1 RT
15 17 0 3.402823e+38 0 B
15 20 16 3.402823e+38 1 RT
15 11 16 3.402823e+38 1 RT
15 13 16 3.402823e+38 1 RT
15 13 0 3.402823e+38 1 B
15 8 0 3.402823e+38 0 B
15 9 0 3.402823e+38 0 B
15 22 0 3.402823e+38 1 B
15 12 0 3.402823e+38 0 B
15 24 0 3.402823e+38 0 B
15 5 0 3.402823e+38 1 B
15 21 0 3.402823e+38 1 B
15 1 0 3.402823e+38 1 B
16 20 0 3.402823e+38 1 B
16 34 0 3.402823e+38 0 B
16 10 0 3.402823e+38 0 B
16 18 0 3.402823e+38 0 B
16 29 0 3.402823e+38 0 B
16 5 0 3.402823e+38 1 B
16 22 0 3.402823e+38 1 B
16 50 0 3.402823e+38 1 B
16 23 0 3.402823e+38 1 B
16 7 0 3.402823e+38 0 B
16 25 16 3.402823e+38 1 RT
16 22 16 3.402823e+38 1 RT
17 19 16 3.402823e+38 1 RT
17 2 16 3.402823e+38 1 RT
17 29 16 3.402823e+38 1 RT
17 24 0 3.402823e+38 1 B
17 34 0 3.402823e+38 1 B
17 50 0 3.402823e+38 0 B
17 38 0 3.402823e+38 1 B
17 39 0 3.402823e+38 1 B
17 19 0 3.402823e+38 0 B
17 32 0 3.402823e+38 1 B
17 8 0 3.402823e+38 0 B
17 30 0 3.402823e+38 0 B
17 36 0 3.402823e+38 0 B
17 22 16 3.402823e+38 1 RT
17 44 16 3.402823e+38 1 RT
18 12 0 3.402823e+38 1 B
18 23 0 3.402823e+38 0 B
18 20 0 3.402823e+38 0 B
18 32 0 3.402823e+38 1 B
18 10 0 3.402823e+38 0 B
18 24 0 3.402823e+38 1 B
18 5 0 3.402823e+38 0 B
18 50 0 3.402823e+38 1 B
18 8 0 3.402823e+38 0 B
18 7 0 3.402823e+38 1 B
18 40 16 3.402823e+38 1 RT
19 11 16 3.402823e+38 1 RT
19 35 16 3.402823e+38 1 RT
19 14 16 3.402823e+38 1 RT
19 3 16 3.402823e+38 1 RT
19 1 0 3.402823e+38 1 B
19 13 0 3.402823e+38 1 B
19 26 0 3.402823e+38 0 B
19 36 0 3.402823e+38 1 B
19 33 0 3.402823e+38 1 B
19 50 0 3.402823e+38 0 B
19 5 0 3.402823e+38 0 B
19 17 0 3.402823e+38 1 B
19 41 0 3.402823e+38 0 B
19 30 0 3.402823e+38 0 B
19 33 16 3.402823e+38 1 RT
20 8 0 3.402823e+38 0 B
20 5 16 3.402823e+38 1 RT
20 28 16 3.402823e+38 1 RT
20 33 0 3.402823e+38 1 B
20 5 0 3.402823e+38 0 B
20 40 0 3.402823e+38 0 B
20 43 0 3.402823e+38 0 B
20 15 0 3.402823e+38 1 B
20 39 0 3.402823e+38 0 B
20 2 0 3.402823e+38 1 B
20 42 0 3.402823e+38 1 B
20 23 0 3.402823e+38 1 B
20 16 16 3.402823e+38 1 RT
20 37 16 3.402823e+38 1 RT
21 15 16 3.402823e+38 1 RT
21 39 0 3.402823e+38 0 B
21 35 0 3.402823e+38 0 B
21 31 0 3.402823e+38 1 B
21 11 0 3.402823e+38 0 B
21 29 0 3.402823e+38 0 B
21 24 0 3.402823e+38 1 B
21 48 0 3.402823e+38 1 B
21 33 0 3.402823e+38 1 B
21 17 0 3.402823e+38 0 B
21 4 0 3.402823e+38 1 B
21 8 16 3.402823e+38 1 RT
21 6 16 3.402823e+38 1 RT
21 30 16 3.402823e+38 1 RT
21 34 16 3.402823e+38 1 RT
21 10 16 3.402823e+38 1 RT
21 38 16 3.402823e+38 1 RT
21 40 16 3.402823e+38 1 RT
21 2 16 3.402823e+38 1 RT
22 40 16 3.402823e+38 1 RT
22 16 16 3.402823e+38 1 RT
22 15 16 3.402823e+38 1 RT
22 2 16 3.402823e+38 1 RT
22 24 16 3.402823e+38 1 RT
22 29 16 3.402823e+38 1 RT
22 36 0 3.402823e+38 1 B
22 14 0 3.402823e+38 1 B
22 11 0 3.402823e+38 0 B
22 37 0 3.402823e+38 0 B
22 41 0 3.402823e+38 0 B
22 16 0 3.402823e+38 1 B
22 5 0 3.402823e+38 0 B
22 39 0 3.402823e+38 0 B
22 17 0 3.402823e+38 1 B
22 33 0 3.402823e+38 1 B
22 34 16 3.402823e+38 1 RT
22 31 16 3.402823e+38 1 RT
22 26 16 3.402823e+38 1 RT
22 8 16 3.402823e+38 1 RT
22 25 16 3.402823e+38 1 RT
22 43 16 3.402823e+38 1 RT
23 16 16 3.402823e+38 1 RT
23 47 16 3.402823e+38 1 RT
23 43 0 3.402823e+38 1 B
23 3 0 3.402823e+38 1 B
23 28 0 3.402823e+38 1 B
23 5 0 3.402823e+38 0 B
23 42 0 3.402823e+38 0 B
23 26 0 3.402823e+38 0 B
23 49 0 3.402823e+38 1 B
23 2 0 3.402823e+38 0 B
23 7 0 3.402823e+38 1 B
23 27 0 3.402823e+38 0 B
23 20 16 3.402823e+38 1 RT
23 46 16 3.402823e+38 1 RT
23 13 16 3.402823e+38 1 RT
24 41 16 3.402823e+38 1 RT
24 18 16 3.402823e+38 1 RT
24 10 16 3.402823e+38 1 RT
24 21 16 3.402823e+38 1 RT
24 28 16 3.402823e+38 1 RT
24 3 16 3.402823e+38 1 RT
24 17 16 3.402823e+38 1 RT
24 46 16 3.402823e+38 1 RT
24 22 0 3.402823e+38 1 B
24 20 0 3.402823e+38 0 B
24 2 0 3.402823e+38 1 B
24 36 0 3.402823e+38 0 B
24 47 0 3.402823e+38 1 B
24 29 0 3.402823e+38 0 B
24 14 0 3.402823e+38 1 B
24 39 0 3.402823e+38 1 B
24 28 0 3.402823e+38 0 B
24 38 0 3.402823e+38 0 B
25 15 0 3.402823e+38 0 B
25 27 16 3.402823e+38 1 RT
25 35 16 3.402823e+38 1 RT
25 35 0 3.402823e+38 1 B
25 31 0 3.402823e+38 0 B
25 30 0 3.402823e+38 1 B
25 41 0 3.402823e+38 0 B
25 22 0 3.402823e+38 1 B
25 16 0 3.402823e+38 1 B
25 36 0 3.402823e+38 1 B
25 11 0 3.402823e+38 0 B
25 45 0 3.402823e+38 0 B
26 22 0 3.402823e+38 1 B
26 36 0 3.402823e+38 1 B
26 3 0 3.402823e+38 1 B
26 28 0 3.402823e+38 0 B
26 11 0 3.402823e+38 0 B
26 2 0 3.402823e+38 0 B
26 5 0 3.402823e+38 1 B
26 12 0 3.402823e+38 0 B
26 29 0 3.402823e+38 1 B
26 18 0 3.402823e+38 0 B
26 36 16 3.402823e+38 1 RT
26 5 16 3.402823e+38 1 RT
26 29 16 3.402823e+38 1 RT
26 3 16 3.402823e+38 1 RT
26 4 16 3.402823e+38 1 RT
26 41 16 3.402823e+38 1 RT
27 34 0 3.402823e+38 0 B
27 43 0 3.402823e+38 0 B
27 12 0 3.402823e+38 0 B
27 25 0 3.402823e+38 1 B
27 47 0 3.402823e+38 1 B
27 39 0 3.402823e+38 1 B
27 45 0 3.402823e+38 0 B
27 28 0 3.402823e+38 1 B
27 35 0 3.402823e+38 0 B
27 32 0 3.402823e+38 1 B
27 50 16 3.402823e+38 1 RT
27 47 16 3.402823e+38 1 RT
27 12 16 3.402823e+38 1 RT
28 33 16 3.402823e+38 1 RT
28 23 16 3.402823e+38 1 RT
28 7 16 3.402823e+38 1 RT
28 27 16 3.402823e+38 1 RT
28 46 0 3.402823e+38 1 B
28 34 0 3.402823e+38 1 B
28 41 0 3.402823e+38 0 B
28 45 0 3.402823e+38 0 B
28 7 0 3.402823e+38 1 B
28 25 0 3.402823e+38 0 B
28 24 0 3.402823e+38 1 B
28 20 0 3.402823e+38 1 B
28 50 0 3.402823e+38 0 B
28 48 0 3.402823e+38 0 B
28 13 16 3.402823e+38 1 RT
28 48 16 3.402823e+38 1 RT
29 17 0 3.402823e+38 1 B
29 24 0 3.402823e+38 0 B
29 34 0 3.402823e+38 0 B
29 22 0 3.402823e+38 1 B
29 46 0 3.402823e+38 0 B
29 4 0 3.402823e+38 0 B
29 7 0 3.402823e+38 1 B
29 26 0 3.402823e+38 1 B
29 18 0 3.402823e+38 0 B
29 5 0 3.402823e+38 1 B
29 39 16 3.402823e+38 1 RT
29 26 16 3.402823e+38 1 RT
29 12 16 3.402823e+38 1 RT
29 47 16 3.402823e+38 1 RT
29 8 16 3.402823e+38 1 RT
29 31 16 3.402823e+38 1 RT
30 11 16 3.402823e+38 1 RT
30 36 16 3.402823e+38 1 RT
30 43 16 3.402823e+38 1 RT
30 1 16 3.402823e+38 1 RT
30 44 16 3.402823e+38 1 RT
30 10 0 3.402823e+38 1 B
30 45 0 3.402823e+38 0 B
30 8 0 3.402823e+38 1 B
30 7 0 3.402823e+38 1 B
30 37 0 3.402823e+38 0 B
30 21 0 3.402823e+38 1 B
30 38 0 3.402823e+38 0 B
30 4 0 3.402823e+38 0 B
30 46 0 3.402823e+38 1 B
30 26 0 3.402823e+38 0 B
30 49 16 3.402823e+38 1 RT
30 39 16 3.402823e+38 1 RT
30 25 16 3.402823e+38 1 RT
31 21 16 3.402823e+38 1 RT
31 37 0 3.402823e+38 0 B
31 25 0 3.402823e+38 0 B
31 22 0 3.402823e+38 1 B
31 38 0 3.402823e+38 1 B
31 28 0 3.402823e+38 0 B
31 50 0 3.402823e+38 0 B
31 34 0 3.402823e+38 1 B
31 1 0 3.402823e+38 1 B
31 43 0 3.402823e+38 0 B
31 29 0 3.402823e+38 1 B
31 4 16 3.402823e+38 1 RT
31 45 16 3.402823e+38 1 RT
32 17 16 3.402823e+38 1 RT
32 4 16 3.402823e+38 1 RT
32 9 0 3.402823e+38 0 B
32 14 0 3.402823e+38 1 B
32 37 0 3.402823e+38 1 B
32 17 0 3.402823e+38 0 B
32 48 0 3.402823e+38 1 B
32 41 0 3.402823e+38 1 B
32 8 0 3.402823e+38 1 B
32 33 0 3.402823e+38 0 B
32 30 0 3.402823e+38 0 B
32 27 0 3.402823e+38 0 B
32 10 16 3.402823e+38 1 RT
32 27 16 3.402823e+38 1 RT
32 50 16 3.402823e+38 1 RT
32 6 16 3.402823e+38 1 RT
32 18 16 3.402823e+38 1 RT
33 19 16 3.402823e+38 1 RT
33 27 0 3.402823e+38 0 B
33 35 0 3.402823e+38 0 B
33 28 0 3.402823e+38 1 B
33 45 0 3.402823e+38 1 B
33 42 0 3.402823e+38 1 B
33 19 0 3.402823e+38 1 B
33 48 0 3.402823e+38 1 B
33 1 16 3.402823e+38 1 RT
33 32 0 3.402823e+38 0 B
33 44 0 3.402823e+38 0 B
33 22 0 3.402823e+38 0 B
33 10 16 3.402823e+38 1 RT
33 22 16 3.402823e+38 1 RT
33 20 16 3.402823e+38 1 RT
33 21 16 3.402823e+38 1 RT
34 31 16 3.402823e+38 1 RT
34 22 0 3.402823e+38 1 B
34 37 0 3.402823e+38 1 B
34 42 0 3.402823e+38 0 B
34 12 0 3.402823e+38 0 B
34 48 0 3.402823e+38 1 B
34 9 0 3.402823e+38 0 B
34 10 0 3.402823e+38 1 B
34 50 0 3.402823e+38 0 B
34 21 0 3.402823e+38 1 B
34 43 0 3.402823e+38 0 B
34 39 16 3.402823e+38 1 RT
34 28 16 3.402823e+38 1 RT
34 17 16 3.402823e+38 1 RT
35 13 0 3.402823e+38 1 B
35 13 16 3.402823e+38 1 RT
35 25 16 3.402823e+38 1 RT
35 4 0 3.402823e+38 0 B
35 12 0 3.402823e+38 1 B
35 33 0 3.402823e+38 0 B
35 3 0 3.402823e+38 0 B
35 36 0 3.402823e+38 0 B
35 19 0 3.402823e+38 1 B
35 45 0 3.402823e+38 0 B
35 25 0 3.402823e+38 1 B
35 46 0 3.402823e+38 1 B
35 2 16 3.402823e+38 1 RT
36 41 16 3.402823e+38 1 RT
36 9 0 3.402823e+38 0 B
36 26 0 3.402823e+38 1 B
36 7 0 3.402823e+38 1 B
36 34 0 3.402823e+38 0 B
36 11 0 3.402823e+38 0 B
36 8 0 3.402823e+38 0 B
36 45 0 3.402823e+38 0 B
36 46 0 3.402823e+38 1 B
36 4 0 3.402823e+38 1 B
36 30 0 3.402823e+38 1 B
36 19 16 3.402823e+38 1 RT
36 12 16 3.402823e+38 1 RT
36 38 16 3.402823e+38 1 RT
36 22 16 3.402823e+38 1 RT
36 8 16 3.402823e+38 1 RT
36 26 16 3.402823e+38 1 RT
36 25 16 3.402823e+38 1 RT
36 50 16 3.402823e+38 1 RT
37 42 16 3.402823e+38 1 RT
37 6 0 3.402823e+38 1 B
37 22 0 3.402823e+38 0 B
37 20 0 3.402823e+38 1 B
37 43 0 3.402823e+38 1 B
37 15 0 3.402823e+38 0 B
37 48 0 3.402823e+38 1 B
37 13 0 3.402823e+38 0 B
37 45 0 3.402823e+38 1 B
37 19 0 3.402823e+38 0 B
37 31 0 3.402823e+38 0 B
37 11 16 3.402823e+38 1 RT
37 34 16 3.402823e+38 1 RT
37 47 16 3.402823e+38 1 RT
37 32 16 3.402823e+38 1 RT
38 14 16 3.402823e+38 1 RT
38 17 16 3.402823e+38 1 RT
38 41 16 3.402823e+38 1 RT
38 36 0 3.402823e+38 1 B
38 18 0 3.402823e+38 0 B
38 48 0 3.402823e+38 1 B
38 33 0 3.402823e+38 0 B
38 43 0 3.402823e+38 0 B
38 41 0 3.402823e+38 1 B
38 27 0 3.402823e+38 0 B
38 17 0 3.402823e+38 0 B
38 14 0 3.402823e+38 1 B
38 21 0 3.402823e+38 1 B
38 31 16 3.402823e+38 1 RT
39 49 16 3.402823e+38 1 RT
39 24 16 3.402823e+38 1 RT
39 26 0 3.402823e+38 0 B
39 44 0 3.402823e+38 1 B
39 17 16 3.402823e+38 1 RT
39 32 0 3.402823e+38 0 B
39 29 0 3.402823e+38 1 B
39 11 0 3.402823e+38 1 B
39 30 0 3.402823e+38 1 B
39 34 0 3.402823e+38 1 B
39 14 0 3.402823e+38 0 B
39 45 16 3.402823e+38 1 RT
39 28 0 3.402823e+38 0 B
39 25 0 3.402823e+38 0 B
39 27 16 3.402823e+38 1 RT
39 9 16 3.402823e+38 1 RT
40 5 16 3.402823e+38 1 RT
40 6 16 3.402823e+38 1 RT
40 12 16 3.402823e+38 1 RT
40 1 16 3.402823e+38 1 RT
40 38 0 3.402823e+38 0 B
40 21 0 3.402823e+38 1 B
40 47 0 3.402823e+38 0 B
40 18 0 3.402823e+38 1 B
40 22 0 3.402823e+38 1 B
40 19 0 3.402823e+38 0 B
40 43 0 3.402823e+38 1 B
40 45 0 3.402823e+38 1 B
40 34 0 3.402823e+38 0 B
40 2 0 3.402823e+38 0 B
40 43 16 3.402823e+38 1 RT
40 8 16 3.402823e+38 1 RT
40 45 16 3.402823e+38 1 RT
41 18 0 3.402823e+38 0 B
41 38 16 3.402823e+38 1 RT
41 40 0 3.402823e+38 0 B
41 26 0 3.402823e+38 1 B
41 50 0 3.402823e+38 0 B
41 24 0 3.402823e+38 1 B
41 36 0 3.402823e+38 1 B
41 42 0 3.402823e+38 0 B
41 11 0 3.402823e+38 1 B
41 27 0 3.402823e+38 0 B
41 38 0 3.402823e+38 1 B
41 50 16 3.402823e+38 1 RT
41 32 16 3.402823e+38 1 RT
42 15 0 3.402823e+38 0 B
42 8 0 3.402823e+38 1 B
42 4 0 3.402823e+38 1 B
42 43 0 3.402823e+38 1 B
42 7 0 3.402823e+38 0 B
42 37 0 3.402823e+38 1 B
42 11 0 3.402823e+38 0 B
42 5 0 3.402823e+38 1 B
42 38 0 3.402823e+38 0 B
42 9 0 3.402823e+38 0 B
42 43 16 3.402823e+38 1 RT
42 33 16 3.402823e+38 1 RT
42 20 16 3.402823e+38 1 RT
42 4 16 3.402823e+38 1 RT
43 40 16 3.402823e+38 1 RT
43 23 16 3.402823e+38 1 RT
43 3 0 3.402823e+38 0 B
43 42 0 3.402823e+38 1 B
43 30 0 3.402823e+38 1 B
43 49 0 3.402823e+38 0 B
43 40 0 3.402823e+38 1 B
43 22 0 3.402823e+38 1 B
43 34 0 3.402823e+38 0 B
43 12 0 3.402823e+38 0 B
43 9 0 3.402823e+38 1 B
43 29 0 3.402823e+38 0 B
43 37 16 3.402823e+38 1 RT
43 5 16 3.402823e+38 1 RT
43 42 16 3.402823e+38 1 RT
44 49 16 3.402823e+38 1 RT
44 39 16 3.402823e+38 1 RT
44 7 0 3.402823e+38 1 B
44 4 0 3.402823e+38 1 B
44 30 0 3.402823e+38 1 B
44 13 0 3.402823e+38 1 B
44 5 0 3.402823e+38 0 B
44 36 0 3.402823e+38 0 B
44 9 0 3.402823e+38 0 B
44 32 0 3.402823e+38 0 B
44 29 0 3.402823e+38 0 B
44 17 0 3.402823e+38 1 B
45 40 16 3.402823e+38 1 RT
45 37 16 3.402823e+38 1 RT
45 7 16 3.402823e+38 1 RT
45 33 16 3.402823e+38 1 RT
45 40 0 3.402823e+38 1 B
45 19 0 3.402823e+38 0 B
45 3 16 3.402823e+38 1 RT
45 15 0 3.402823e+38 0 B
45 49 0 3.402823e+38 0 B
45 2 0 3.402823e+38 1 B
45 31 0 3.402823e+38 1 B
45 50 0 3.402823e+38 1 B
45 39 0 3.402823e+38 1 B
45 27 0 3.402823e+38 0 B
45 32 0 3.402823e+38 0 B
46 23 0 3.402823e+38 1 B
46 30 16 3.402823e+38 1 RT
46 9 16 3.402823e+38 1 RT
46 28 16 3.402823e+38 1 RT
46 35 16 3.402823e+38 1 RT
46 36 16 3.402823e+38 1 RT
46 12 0 3.402823e+38 0 B
46 43 0 3.402823e+38 0 B
46 28 0 3.402823e+38 0 B
46 21 0 3.402823e+38 0 B
46 25 0 3.402823e+38 0 B
46 3 0 3.402823e+38 1 B
46 24 0 3.402823e+38 1 B
46 13 0 3.402823e+38 1 B
46 1 0 3.402823e+38 1 B
47 18 0 3.402823e+38 0 B
47 29 0 3.402823e+38 1 B
47 27 0 3.402823e+38 1 B
47 3 0 3.402823e+38 0 B
47 7 0 3.402823e+38 1 B
47 37 0 3.402823e+38 1 B
47 12 0 3.402823e+38 0 B
47 23 0 3.402823e+38 1 B
47 24 0 3.402823e+38 0 B
47 48 0 3.402823e+38 0 B
47 27 16 3.402823e+38 1 RT
47 24 16 3.402823e+38 1 RT
48 21 16 3.402823e+38 1 RT
48 27 0 3.402823e+38 0 B
48 5 0 3.402823e+38 1 B
48 8 0 3.402823e+38 1 B
48 1 0 3.402823e+38 1 B
48 43 0 3.402823e+38 0 B
48 11 0 3.402823e+38 0 B
48 21 0 3.402823e+38 0 B
48 9 0 3.402823e+38 0 B
48 28 0 3.402823e+38 1 B
48 10 0 3.402823e+38 1 B
48 9 16 3.402823e+38 1 RT
48 33 16 3.402823e+38 1 RT
48 37 16 3.402823e+38 1 RT
48 32 16 3.402823e+38 1 RT
48 34 16 3.402823e+38 1 RT
48 10 16 3.402823e+38 1 RT
48 38 16 3.402823e+38 1 RT
49 23 16 3.402823e+38 1 RT
49 38 0 3.402823e+38 0 B
49 36 0 3.402823e+38 0 B
49 30 0 3.402823e+38 1 B
49 3 0 3.402823e+38 1 B
49 32 0 3.402823e+38 0 B
49 42 0 3.402823e+38 0 B
49 9 0 3.402823e+38 0 B
49 39 0 3.402823e+38 1 B
49 44 0 3.402823e+38 1 B
49 2 0 3.402823e+38 1 B
49 14 16 3.402823e+38 1 RT
50 18 16 3.402823e+38 1 RT
50 16 16 3.402823e+38 1 RT
50 41 0 3.402823e+38 1 B
50 4 0 3.402823e+38 0 B
50 36 0 3.402823e+38 1 B
50 19 0 3.402823e+38 0 B
50 32 0 3.402823e+38 1 B
50 47 0 3.402823e+38 0 B
50 2 0 3.402823e+38 0 B
50 27 0 3.402823e+38 1 B
50 9 0 3.402823e+38 1 B
50 23 0 3.402823e+38 0 B
50 45 16 3.402823e+38 1 RT
