1 40 3.402823e+38 0 B
1 7 3.402823e+38 0 B
1 11 3.402823e+38 0 B
1 28 3.402823e+38 0 B
1 33 3.402823e+38 0 B
1 20 3.402823e+38 0 B
1 41 3.402823e+38 0 B
1 30 3.402823e+38 0 B
1 27 3.402823e+38 0 B
1 6 3.402823e+38 0 B
2 36 3.402823e+38 0 B
2 22 3.402823e+38 0 B
2 25 3.402823e+38 0 B
2 4 3.402823e+38 0 B
2 17 3.402823e+38 0 B
2 9 3.402823e+38 0 B
2 21 3.402823e+38 0 B
2 1 3.402823e+38 0 B
2 42 3.402823e+38 0 B
2 35 3.402823e+38 0 B
3 16 3.402823e+38 0 B
3 45 3.402823e+38 0 B
3 24 3.402823e+38 0 B
3 13 3.402823e+38 0 B
3 31 3.402823e+38 0 B
3 11 3.402823e+38 0 B
3 44 3.402823e+38 0 B
3 19 3.402823e+38 0 B
3 26 3.402823e+38 0 B
3 17 3.402823e+38 0 B
4 50 3.402823e+38 0 B
4 12 3.402823e+38 0 B
4 44 3.402823e+38 0 B
4 42 3.402823e+38 0 B
4 3 3.402823e+38 0 B
4 5 3.402823e+38 0 B
4 31 3.402823e+38 0 B
4 32 3.402823e+38 0 B
4 26 3.402823e+38 0 B
4 19 3.402823e+38 0 B
5 40 3.402823e+38 0 B
5 17 3.402823e+38 0 B
5 33 3.402823e+38 0 B
5 43 3.402823e+38 0 B
5 8 3.402823e+38 0 B
5 6 3.402823e+38 0 B
5 4 3.402823e+38 0 B
5 20 3.402823e+38 0 B
5 26 3.402823e+38 0 B
5 39 3.402823e+38 0 B
6 21 3.402823e+38 0 B
6 32 3.402823e+38 0 B
6 3 3.402823e+38 0 B
6 35 3.402823e+38 0 B
6 13 3.402823e+38 0 B
6 40 3.402823e+38 0 B
6 45 3.402823e+38 0 B
6 27 3.402823e+38 0 B
6 9 3.402823e+38 0 B
6 33 3.402823e+38 0 B
7 22 3.402823e+38 0 B
7 45 3.402823e+38 0 B
7 23 3.402823e+38 0 B
7 32 3.402823e+38 0 B
7 26 3.402823e+38 0 B
7 14 3.402823e+38 0 B
7 28 3.402823e+38 0 B
7 1 3.402823e+38 0 B
7 20 3.402823e+38 0 B
7 13 3.402823e+38 0 B
8 27 3.402823e+38 0 B
8 40 3.402823e+38 0 B
8 14 3.402823e+38 0 B
8 22 3.402823e+38 0 B
8 48 3.402823e+38 0 B
8 21 3.402823e+38 0 B
8 29 3.402823e+38 0 B
8 46 3.402823e+38 0 B
8 36 3.402823e+38 0 B
8 33 3.402823e+38 0 B
9 26 3.402823e+38 0 B
9 10 3.402823e+38 0 B
9 48 3.402823e+38 0 B
9 12 3.402823e+38 0 B
9 49 3.402823e+38 0 B
9 2 3.402823e+38 0 B
9 13 3.402823e+38 0 B
9 37 3.402823e+38 0 B
9 39 3.402823e+38 0 B
9 46 3.402823e+38 0 B
10 48 3.402823e+38 0 B
10 33 3.402823e+38 0 B
10 45 3.402823e+38 0 B
10 21 3.402823e+38 0 B
10 44 3.402823e+38 0 B
10 32 3.402823e+38 0 B
10 24 3.402823e+38 0 B
10 28 3.402823e+38 0 B
10 16 3.402823e+38 0 B
10 12 3.402823e+38 0 B
11 23 3.402823e+38 0 B
11 12 3.402823e+38 0 B
11 15 3.402823e+38 0 B
11 3 3.402823e+38 0 B
11 37 3.402823e+38 0 B
11 4 3.402823e+38 0 B
11 30 3.402823e+38 0 B
11 31 3.402823e+38 0 B
11 19 3.402823e+38 0 B
11 18 3.402823e+38 0 B
12 11 3.402823e+38 0 B
12 7 3.402823e+38 0 B
12 27 3.402823e+38 0 B
12 50 3.402823e+38 0 B
12 18 3.402823e+38 0 B
12 16 3.402823e+38 0 B
12 29 3.402823e+38 0 B
12 40 3.402823e+38 0 B
12 44 3.402823e+38 0 B
12 36 3.402823e+38 0 B
13 35 3.402823e+38 0 B
13 28 3.402823e+38 0 B
13 23 3.402823e+38 0 B
13 17 3.402823e+38 0 B
13 3 3.402823e+38 0 B
13 20 3.402823e+38 0 B
13 12 3.402823e+38 0 B
13 1 3.402823e+38 0 B
13 15 3.402823e+38 0 B
13 27 3.402823e+38 0 B
14 25 3.402823e+38 0 B
14 49 3.402823e+38 0 B
14 22 3.402823e+38 0 B
14 38 3.402823e+38 0 B
14 35 3.402823e+38 0 B
14 19 3.402823e+38 0 B
14 3 3.402823e+38 0 B
14 34 3.402823e+38 0 B
14 5 3.402823e+38 0 B
14 15 3.402823e+38 0 B
15 12 3.402823e+38 0 B
15 13 3.402823e+38 0 B
15 8 3.402823e+38 0 B
15 17 3.402823e+38 0 B
15 9 3.402823e+38 0 B
15 22 3.402823e+38 0 B
15 24 3.402823e+38 0 B
15 5 3.402823e+38 0 B
15 21 3.402823e+38 0 B
15 1 3.402823e+38 0 B
16 20 3.402823e+38 0 B
16 34 3.402823e+38 0 B
16 10 3.402823e+38 0 B
16 18 3.402823e+38 0 B
16 29 3.402823e+38 0 B
16 5 3.402823e+38 0 B
16 22 3.402823e+38 0 B
16 50 3.402823e+38 0 B
16 23 3.402823e+38 0 B
16 7 3.402823e+38 0 B
17 24 3.402823e+38 0 B
17 34 3.402823e+38 0 B
17 50 3.402823e+38 0 B
17 38 3.402823e+38 0 B
17 39 3.402823e+38 0 B
17 19 3.402823e+38 0 B
17 32 3.402823e+38 0 B
17 8 3.402823e+38 0 B
17 30 3.402823e+38 0 B
17 36 3.402823e+38 0 B
18 20 3.402823e+38 0 B
18 12 3.402823e+38 0 B
18 23 3.402823e+38 0 B
18 32 3.402823e+38 0 B
18 10 3.402823e+38 0 B
18 24 3.402823e+38 0 B
18 5 3.402823e+38 0 B
18 50 3.402823e+38 0 B
18 8 3.402823e+38 0 B
18 7 3.402823e+38 0 B
19 1 3.402823e+38 0 B
19 13 3.402823e+38 0 B
19 26 3.402823e+38 0 B
19 36 3.402823e+38 0 B
19 33 3.402823e+38 0 B
19 50 3.402823e+38 0 B
19 5 3.402823e+38 0 B
19 17 3.402823e+38 0 B
19 41 3.402823e+38 0 B
19 30 3.402823e+38 0 B
20 33 3.402823e+38 0 B
20 8 3.402823e+38 0 B
20 5 3.402823e+38 0 B
20 40 3.402823e+38 0 B
20 43 3.402823e+38 0 B
20 15 3.402823e+38 0 B
20 39 3.402823e+38 0 B
20 2 3.402823e+38 0 B
20 42 3.402823e+38 0 B
20 23 3.402823e+38 0 B
21 35 3.402823e+38 0 B
21 31 3.402823e+38 0 B
21 11 3.402823e+38 0 B
21 29 3.402823e+38 0 B
21 24 3.402823e+38 0 B
21 39 3.402823e+38 0 B
21 48 3.402823e+38 0 B
21 33 3.402823e+38 0 B
21 17 3.402823e+38 0 B
21 4 3.402823e+38 0 B
22 36 3.402823e+38 0 B
22 14 3.402823e+38 0 B
22 11 3.402823e+38 0 B
22 37 3.402823e+38 0 B
22 41 3.402823e+38 0 B
22 16 3.402823e+38 0 B
22 5 3.402823e+38 0 B
22 39 3.402823e+38 0 B
22 17 3.402823e+38 0 B
22 33 3.402823e+38 0 B
23 26 3.402823e+38 0 B
23 43 3.402823e+38 0 B
23 3 3.402823e+38 0 B
23 28 3.402823e+38 0 B
23 5 3.402823e+38 0 B
23 42 3.402823e+38 0 B
23 49 3.402823e+38 0 B
23 2 3.402823e+38 0 B
23 7 3.402823e+38 0 B
23 27 3.402823e+38 0 B
24 22 3.402823e+38 0 B
24 20 3.402823e+38 0 B
24 2 3.402823e+38 0 B
24 36 3.402823e+38 0 B
24 47 3.402823e+38 0 B
24 29 3.402823e+38 0 B
24 14 3.402823e+38 0 B
24 39 3.402823e+38 0 B
24 28 3.402823e+38 0 B
24 38 3.402823e+38 0 B
25 35 3.402823e+38 0 B
25 31 3.402823e+38 0 B
25 30 3.402823e+38 0 B
25 41 3.402823e+38 0 B
25 22 3.402823e+38 0 B
25 16 3.402823e+38 0 B
25 36 3.402823e+38 0 B
25 15 3.402823e+38 0 B
25 11 3.402823e+38 0 B
25 45 3.402823e+38 0 B
26 5 3.402823e+38 0 B
26 22 3.402823e+38 0 B
26 36 3.402823e+38 0 B
26 3 3.402823e+38 0 B
26 28 3.402823e+38 0 B
26 11 3.402823e+38 0 B
26 2 3.402823e+38 0 B
26 12 3.402823e+38 0 B
26 29 3.402823e+38 0 B
26 18 3.402823e+38 0 B
27 12 3.402823e+38 0 B
27 25 3.402823e+38 0 B
27 47 3.402823e+38 0 B
27 39 3.402823e+38 0 B
27 45 3.402823e+38 0 B
27 43 3.402823e+38 0 B
27 34 3.402823e+38 0 B
27 28 3.402823e+38 0 B
27 35 3.402823e+38 0 B
27 32 3.402823e+38 0 B
28 25 3.402823e+38 0 B
28 46 3.402823e+38 0 B
28 34 3.402823e+38 0 B
28 41 3.402823e+38 0 B
28 45 3.402823e+38 0 B
28 7 3.402823e+38 0 B
28 24 3.402823e+38 0 B
28 20 3.402823e+38 0 B
28 50 3.402823e+38 0 B
28 48 3.402823e+38 0 B
29 24 3.402823e+38 0 B
29 17 3.402823e+38 0 B
29 34 3.402823e+38 0 B
29 22 3.402823e+38 0 B
29 46 3.402823e+38 0 B
29 4 3.402823e+38 0 B
29 7 3.402823e+38 0 B
29 26 3.402823e+38 0 B
29 18 3.402823e+38 0 B
29 5 3.402823e+38 0 B
30 10 3.402823e+38 0 B
30 45 3.402823e+38 0 B
30 8 3.402823e+38 0 B
30 7 3.402823e+38 0 B
30 37 3.402823e+38 0 B
30 21 3.402823e+38 0 B
30 38 3.402823e+38 0 B
30 4 3.402823e+38 0 B
30 46 3.402823e+38 0 B
30 26 3.402823e+38 0 B
31 37 3.402823e+38 0 B
31 25 3.402823e+38 0 B
31 22 3.402823e+38 0 B
31 38 3.402823e+38 0 B
31 28 3.402823e+38 0 B
31 50 3.402823e+38 0 B
31 34 3.402823e+38 0 B
31 1 3.402823e+38 0 B
31 43 3.402823e+38 0 B
31 29 3.402823e+38 0 B
32 9 3.402823e+38 0 B
32 14 3.402823e+38 0 B
32 37 3.402823e+38 0 B
32 17 3.402823e+38 0 B
32 48 3.402823e+38 0 B
32 41 3.402823e+38 0 B
32 8 3.402823e+38 0 B
32 33 3.402823e+38 0 B
32 30 3.402823e+38 0 B
32 27 3.402823e+38 0 B
33 27 3.402823e+38 0 B
33 35 3.402823e+38 0 B
33 28 3.402823e+38 0 B
33 45 3.402823e+38 0 B
33 42 3.402823e+38 0 B
33 19 3.402823e+38 0 B
33 48 3.402823e+38 0 B
33 32 3.402823e+38 0 B
33 44 3.402823e+38 0 B
33 22 3.402823e+38 0 B
34 37 3.402823e+38 0 B
34 42 3.402823e+38 0 B
34 12 3.402823e+38 0 B
34 48 3.402823e+38 0 B
34 9 3.402823e+38 0 B
34 22 3.402823e+38 0 B
34 10 3.402823e+38 0 B
34 50 3.402823e+38 0 B
34 21 3.402823e+38 0 B
34 43 3.402823e+38 0 B
35 4 3.402823e+38 0 B
35 12 3.402823e+38 0 B
35 33 3.402823e+38 0 B
35 3 3.402823e+38 0 B
35 36 3.402823e+38 0 B
35 19 3.402823e+38 0 B
35 13 3.402823e+38 0 B
35 45 3.402823e+38 0 B
35 25 3.402823e+38 0 B
35 46 3.402823e+38 0 B
36 8 3.402823e+38 0 B
36 9 3.402823e+38 0 B
36 26 3.402823e+38 0 B
36 7 3.402823e+38 0 B
36 34 3.402823e+38 0 B
36 11 3.402823e+38 0 B
36 45 3.402823e+38 0 B
36 46 3.402823e+38 0 B
36 4 3.402823e+38 0 B
36 30 3.402823e+38 0 B
37 6 3.402823e+38 0 B
37 22 3.402823e+38 0 B
37 20 3.402823e+38 0 B
37 43 3.402823e+38 0 B
37 15 3.402823e+38 0 B
37 48 3.402823e+38 0 B
37 13 3.402823e+38 0 B
37 45 3.402823e+38 0 B
37 19 3.402823e+38 0 B
37 31 3.402823e+38 0 B
38 36 3.402823e+38 0 B
38 18 3.402823e+38 0 B
38 48 3.402823e+38 0 B
38 33 3.402823e+38 0 B
38 43 3.402823e+38 0 B
38 41 3.402823e+38 0 B
38 27 3.402823e+38 0 B
38 17 3.402823e+38 0 B
38 14 3.402823e+38 0 B
38 21 3.402823e+38 0 B
39 26 3.402823e+38 0 B
39 44 3.402823e+38 0 B
39 32 3.402823e+38 0 B
39 29 3.402823e+38 0 B
39 11 3.402823e+38 0 B
39 30 3.402823e+38 0 B
39 34 3.402823e+38 0 B
39 14 3.402823e+38 0 B
39 28 3.402823e+38 0 B
39 25 3.402823e+38 0 B
40 47 3.402823e+38 0 B
40 18 3.402823e+38 0 B
40 22 3.402823e+38 0 B
40 19 3.402823e+38 0 B
40 38 3.402823e+38 0 B
40 21 3.402823e+38 0 B
40 43 3.402823e+38 0 B
40 45 3.402823e+38 0 B
40 34 3.402823e+38 0 B
40 2 3.402823e+38 0 B
41 40 3.402823e+38 0 B
41 26 3.402823e+38 0 B
41 50 3.402823e+38 0 B
41 18 3.402823e+38 0 B
41 24 3.402823e+38 0 B
41 36 3.402823e+38 0 B
41 42 3.402823e+38 0 B
41 11 3.402823e+38 0 B
41 27 3.402823e+38 0 B
41 38 3.402823e+38 0 B
42 37 3.402823e+38 0 B
42 15 3.402823e+38 0 B
42 8 3.402823e+38 0 B
42 4 3.402823e+38 0 B
42 43 3.402823e+38 0 B
42 7 3.402823e+38 0 B
42 11 3.402823e+38 0 B
42 5 3.402823e+38 0 B
42 38 3.402823e+38 0 B
42 9 3.402823e+38 0 B
43 3 3.402823e+38 0 B
43 42 3.402823e+38 0 B
43 30 3.402823e+38 0 B
43 49 3.402823e+38 0 B
43 40 3.402823e+38 0 B
43 22 3.402823e+38 0 B
43 34 3.402823e+38 0 B
43 12 3.402823e+38 0 B
43 9 3.402823e+38 0 B
43 29 3.402823e+38 0 B
44 7 3.402823e+38 0 B
44 4 3.402823e+38 0 B
44 30 3.402823e+38 0 B
44 13 3.402823e+38 0 B
44 5 3.402823e+38 0 B
44 36 3.402823e+38 0 B
44 9 3.402823e+38 0 B
44 32 3.402823e+38 0 B
44 29 3.402823e+38 0 B
44 17 3.402823e+38 0 B
45 31 3.402823e+38 0 B
45 40 3.402823e+38 0 B
45 19 3.402823e+38 0 B
45 15 3.402823e+38 0 B
45 49 3.402823e+38 0 B
45 2 3.402823e+38 0 B
45 50 3.402823e+38 0 B
45 39 3.402823e+38 0 B
45 27 3.402823e+38 0 B
45 32 3.402823e+38 0 B
46 23 3.402823e+38 0 B
46 43 3.402823e+38 0 B
46 28 3.402823e+38 0 B
46 21 3.402823e+38 0 B
46 25 3.402823e+38 0 B
46 12 3.402823e+38 0 B
46 3 3.402823e+38 0 B
46 24 3.402823e+38 0 B
46 13 3.402823e+38 0 B
46 1 3.402823e+38 0 B
47 18 3.402823e+38 0 B
47 29 3.402823e+38 0 B
47 27 3.402823e+38 0 B
47 3 3.402823e+38 0 B
47 7 3.402823e+38 0 B
47 37 3.402823e+38 0 B
47 12 3.402823e+38 0 B
47 23 3.402823e+38 0 B
47 24 3.402823e+38 0 B
47 48 3.402823e+38 0 B
48 11 3.402823e+38 0 B
48 27 3.402823e+38 0 B
48 5 3.402823e+38 0 B
48 8 3.402823e+38 0 B
48 1 3.402823e+38 0 B
48 43 3.402823e+38 0 B
48 21 3.402823e+38 0 B
48 9 3.402823e+38 0 B
48 28 3.402823e+38 0 B
48 10 3.402823e+38 0 B
49 38 3.402823e+38 0 B
49 36 3.402823e+38 0 B
49 30 3.402823e+38 0 B
49 3 3.402823e+38 0 B
49 32 3.402823e+38 0 B
49 42 3.402823e+38 0 B
49 9 3.402823e+38 0 B
49 39 3.402823e+38 0 B
49 44 3.402823e+38 0 B
49 2 3.402823e+38 0 B
50 41 3.402823e+38 0 B
50 4 3.402823e+38 0 B
50 36 3.402823e+38 0 B
50 19 3.402823e+38 0 B
50 32 3.402823e+38 0 B
50 47 3.402823e+38 0 B
50 2 3.402823e+38 0 B
50 27 3.402823e+38 0 B
50 9 3.402823e+38 0 B
50 23 3.402823e+38 0 B
