1 43	1	1.797693e+308	RT
1 47	1	1.797693e+308	B
1 2	0	1.797693e+308	B
1 42	0	1.797693e+308	B
1 3	0	1.797693e+308	B
1 22	1	1.797693e+308	RT
1 30	1	1.797693e+308	B
1 19	1	1.797693e+308	B
1 8	1	1.797693e+308	RT
1 6	0	1.797693e+308	B
1 45	1	1.797693e+308	B
1 12	1	1.797693e+308	B
1 9	1	1.797693e+308	RT
1 44	0	1.797693e+308	B
2 32	1	1.797693e+308	B
2 43	0	1.797693e+308	B
2 27	1	1.797693e+308	RT
2 17	1	1.797693e+308	RT
2 7	1	1.797693e+308	B
2 26	1	1.797693e+308	B
2 33	0	1.797693e+308	B
2 13	0	1.797693e+308	B
2 4	1	1.797693e+308	RT
2 46	1	1.797693e+308	B
2 15	1	1.797693e+308	B
2 30	0	1.797693e+308	B
2 50	0	1.797693e+308	B
3 50	0	1.797693e+308	B
3 44	1	1.797693e+308	B
3 32	0	1.797693e+308	B
3 5	1	1.797693e+308	B
3 49	1	1.797693e+308	RT
3 47	1	1.797693e+308	RT
3 18	1	1.797693e+308	B
3 29	0	1.797693e+308	B
3 21	0	1.797693e+308	B
3 42	1	1.797693e+308	RT
3 19	1	1.797693e+308	B
3 8	0	1.797693e+308	B
3 23	1	1.797693e+308	B
4 47	1	1.797693e+308	B
4 27	0	1.797693e+308	B
4 16	1	1.797693e+308	RT
4 17	0	1.797693e+308	B
4 2	1	1.797693e+308	B
4 26	0	1.797693e+308	B
4 28	1	1.797693e+308	RT
4 31	0	1.797693e+308	B
4 14	0	1.797693e+308	B
4 30	1	1.797693e+308	B
4 19	1	1.797693e+308	B
4 23	1	1.797693e+308	B
4 50	1	1.797693e+308	RT
5 26	0	1.797693e+308	B
5 20	1	1.797693e+308	RT
5 36	0	1.797693e+308	B
5 3	1	1.797693e+308	B
5 25	1	1.797693e+308	B
5 30	1	1.797693e+308	B
5 38	0	1.797693e+308	B
5 41	1	1.797693e+308	B
5 37	1	1.797693e+308	B
5 21	0	1.797693e+308	B
5 50	0	1.797693e+308	B
6 32	0	1.797693e+308	B
6 43	1	1.797693e+308	B
6 9	1	1.797693e+308	B
6 27	1	1.797693e+308	RT
6 48	1	1.797693e+308	RT
6 26	0	1.797693e+308	B
6 37	1	1.797693e+308	RT
6 33	1	1.797693e+308	RT
6 22	0	1.797693e+308	B
6 34	1	1.797693e+308	B
6 38	1	1.797693e+308	B
6 45	0	1.797693e+308	B
6 23	1	1.797693e+308	B
6 50	0	1.797693e+308	B
7 36	1	1.797693e+308	B
7 9	0	1.797693e+308	B
7 27	1	1.797693e+308	B
7 16	0	1.797693e+308	B
7 17	0	1.797693e+308	B
7 2	1	1.797693e+308	RT
7 26	1	1.797693e+308	RT
7 18	0	1.797693e+308	B
7 10	1	1.797693e+308	B
7 33	1	1.797693e+308	RT
7 24	1	1.797693e+308	B
7 6	0	1.797693e+308	B
7 45	1	1.797693e+308	RT
7 12	1	1.797693e+308	B
8 9	1	1.797693e+308	B
8 32	0	1.797693e+308	B
8 47	1	1.797693e+308	B
8 15	0	1.797693e+308	B
8 35	1	1.797693e+308	RT
8 16	1	1.797693e+308	B
8 1	1	1.797693e+308	B
8 11	0	1.797693e+308	B
8 19	0	1.797693e+308	B
8 40	0	1.797693e+308	B
8 26	1	1.797693e+308	B
8 31	1	1.797693e+308	RT
9 36	1	1.797693e+308	RT
9 1	1	1.797693e+308	B
9 5	0	1.797693e+308	B
9 25	1	1.797693e+308	B
9 48	1	1.797693e+308	RT
9 26	0	1.797693e+308	B
9 33	1	1.797693e+308	B
9 13	0	1.797693e+308	B
9 14	1	1.797693e+308	B
9 15	0	1.797693e+308	B
9 8	1	1.797693e+308	RT
9 6	1	1.797693e+308	RT
9 41	1	1.797693e+308	B
9 45	0	1.797693e+308	B
10 49	1	1.797693e+308	B
10 44	0	1.797693e+308	B
10 32	0	1.797693e+308	B
10 20	1	1.797693e+308	B
10 36	1	1.797693e+308	RT
10 43	0	1.797693e+308	B
10 9	0	1.797693e+308	B
10 16	1	1.797693e+308	B
10 7	1	1.797693e+308	RT
10 37	1	1.797693e+308	B
10 42	1	1.797693e+308	B
10 33	0	1.797693e+308	B
10 22	1	1.797693e+308	RT
10 14	1	1.797693e+308	RT
10 23	1	1.797693e+308	RT
11 1	0	1.797693e+308	B
11 43	1	1.797693e+308	B
11 24	0	1.797693e+308	B
11 14	1	1.797693e+308	B
11 34	1	1.797693e+308	RT
11 40	1	1.797693e+308	B
11 29	0	1.797693e+308	B
11 31	1	1.797693e+308	B
11 23	0	1.797693e+308	B
11 50	1	1.797693e+308	RT
11 42	0	1.797693e+308	B
11 12	1	1.797693e+308	B
12 1	1	1.797693e+308	RT
12 44	1	1.797693e+308	B
12 9	0	1.797693e+308	B
12 15	1	1.797693e+308	B
12 35	0	1.797693e+308	B
12 11	1	1.797693e+308	RT
12 17	0	1.797693e+308	B
12 7	1	1.797693e+308	B
12 48	0	1.797693e+308	B
12 10	1	1.797693e+308	B
12 41	0	1.797693e+308	B
12 33	1	1.797693e+308	B
13 44	0	1.797693e+308	B
13 36	1	1.797693e+308	B
13 43	0	1.797693e+308	B
13 16	1	1.797693e+308	B
13 26	1	1.797693e+308	B
13 29	1	1.797693e+308	RT
13 37	0	1.797693e+308	B
13 42	1	1.797693e+308	B
13 3	0	1.797693e+308	B
13 22	1	1.797693e+308	RT
13 15	1	1.797693e+308	B
13 41	0	1.797693e+308	B
13 45	1	1.797693e+308	RT
14 9	1	1.797693e+308	RT
14 40	1	1.797693e+308	B
14 48	1	1.797693e+308	B
14 10	1	1.797693e+308	B
14 29	0	1.797693e+308	B
14 30	0	1.797693e+308	B
14 44	1	1.797693e+308	RT
14 15	0	1.797693e+308	B
14 46	1	1.797693e+308	B
14 36	0	1.797693e+308	B
14 35	1	1.797693e+308	B
14 11	1	1.797693e+308	RT
14 34	0	1.797693e+308	B
15 32	1	1.797693e+308	B
15 44	1	1.797693e+308	B
15 43	0	1.797693e+308	B
15 28	1	1.797693e+308	RT
15 9	0	1.797693e+308	B
15 40	1	1.797693e+308	RT
15 29	1	1.797693e+308	B
15 4	0	1.797693e+308	B
15 19	1	1.797693e+308	RT
15 6	0	1.797693e+308	B
15 23	1	1.797693e+308	B
15 50	1	1.797693e+308	B
15 12	0	1.797693e+308	B
16 30	0	1.797693e+308	B
16 3	0	1.797693e+308	B
16 20	0	1.797693e+308	B
16 43	0	1.797693e+308	B
16 13	0	1.797693e+308	B
16 25	1	1.797693e+308	B
16 4	1	1.797693e+308	B
16 35	1	1.797693e+308	B
16 38	1	1.797693e+308	B
16 8	1	1.797693e+308	RT
16 10	1	1.797693e+308	RT
16 50	1	1.797693e+308	B
17 43	1	1.797693e+308	B
17 22	1	1.797693e+308	RT
17 9	0	1.797693e+308	B
17 30	0	1.797693e+308	B
17 2	1	1.797693e+308	B
17 34	0	1.797693e+308	B
17 38	0	1.797693e+308	B
17 48	1	1.797693e+308	B
17 29	0	1.797693e+308	B
17 33	1	1.797693e+308	RT
17 12	1	1.797693e+308	B
17 50	1	1.797693e+308	B
18 1	0	1.797693e+308	B
18 44	1	1.797693e+308	B
18 39	1	1.797693e+308	RT
18 43	0	1.797693e+308	B
18 28	0	1.797693e+308	B
18 25	1	1.797693e+308	RT
18 27	1	1.797693e+308	B
18 31	1	1.797693e+308	B
18 42	1	1.797693e+308	RT
18 3	1	1.797693e+308	RT
18 13	0	1.797693e+308	B
18 15	0	1.797693e+308	B
18 35	1	1.797693e+308	B
18 23	1	1.797693e+308	B
19 15	1	1.797693e+308	B
19 1	1	1.797693e+308	RT
19 5	0	1.797693e+308	B
19 28	1	1.797693e+308	RT
19 16	0	1.797693e+308	B
19 40	1	1.797693e+308	RT
19 33	0	1.797693e+308	B
19 22	1	1.797693e+308	B
19 24	1	1.797693e+308	B
19 4	1	1.797693e+308	RT
19 38	1	1.797693e+308	B
19 45	0	1.797693e+308	B
19 23	1	1.797693e+308	B
19 12	0	1.797693e+308	B
20 36	1	1.797693e+308	B
20 43	0	1.797693e+308	B
20 5	1	1.797693e+308	B
20 47	1	1.797693e+308	RT
20 27	0	1.797693e+308	B
20 2	0	1.797693e+308	B
20 48	0	1.797693e+308	B
20 10	1	1.797693e+308	RT
20 39	0	1.797693e+308	B
20 21	1	1.797693e+308	RT
20 24	1	1.797693e+308	RT
20 15	1	1.797693e+308	B
20 34	1	1.797693e+308	B
20 45	1	1.797693e+308	B
21 44	1	1.797693e+308	RT
21 22	0	1.797693e+308	B
21 39	1	1.797693e+308	B
21 20	1	1.797693e+308	B
21 28	0	1.797693e+308	B
21 25	1	1.797693e+308	B
21 4	0	1.797693e+308	B
21 46	1	1.797693e+308	RT
21 30	1	1.797693e+308	B
21 38	1	1.797693e+308	B
21 29	0	1.797693e+308	B
21 31	0	1.797693e+308	B
22 13	1	1.797693e+308	B
22 1	1	1.797693e+308	B
22 9	0	1.797693e+308	B
22 27	1	1.797693e+308	RT
22 17	1	1.797693e+308	B
22 29	0	1.797693e+308	B
22 10	1	1.797693e+308	B
22 31	1	1.797693e+308	RT
22 42	1	1.797693e+308	B
22 14	0	1.797693e+308	B
22 4	0	1.797693e+308	B
22 35	1	1.797693e+308	RT
22 11	0	1.797693e+308	B
22 19	1	1.797693e+308	RT
22 41	1	1.797693e+308	RT
23 25	1	1.797693e+308	B
23 39	1	1.797693e+308	B
23 48	0	1.797693e+308	B
23 10	1	1.797693e+308	B
23 29	1	1.797693e+308	RT
23 37	0	1.797693e+308	B
23 3	1	1.797693e+308	B
23 13	0	1.797693e+308	B
23 4	0	1.797693e+308	B
23 34	1	1.797693e+308	B
23 8	0	1.797693e+308	B
23 6	1	1.797693e+308	RT
23 41	1	1.797693e+308	RT
24 36	1	1.797693e+308	RT
24 20	1	1.797693e+308	B
24 28	1	1.797693e+308	B
24 49	1	1.797693e+308	RT
24 7	1	1.797693e+308	RT
24 2	0	1.797693e+308	B
24 40	1	1.797693e+308	B
24 31	0	1.797693e+308	B
24 42	1	1.797693e+308	RT
24 13	1	1.797693e+308	B
24 46	0	1.797693e+308	B
24 35	0	1.797693e+308	B
24 11	1	1.797693e+308	B
24 19	1	1.797693e+308	RT
24 34	0	1.797693e+308	B
25 23	1	1.797693e+308	RT
25 32	0	1.797693e+308	B
25 28	1	1.797693e+308	B
25 43	0	1.797693e+308	B
25 5	1	1.797693e+308	RT
25 9	1	1.797693e+308	RT
25 49	0	1.797693e+308	B
25 47	1	1.797693e+308	B
25 16	1	1.797693e+308	RT
25 17	0	1.797693e+308	B
25 18	1	1.797693e+308	B
25 29	0	1.797693e+308	B
25 46	1	1.797693e+308	B
25 45	1	1.797693e+308	B
26 49	0	1.797693e+308	B
26 7	1	1.797693e+308	B
26 2	1	1.797693e+308	RT
26 36	1	1.797693e+308	B
26 42	0	1.797693e+308	B
26 13	1	1.797693e+308	B
26 14	0	1.797693e+308	B
26 39	0	1.797693e+308	B
26 34	1	1.797693e+308	RT
26 38	1	1.797693e+308	B
26 8	1	1.797693e+308	RT
26 32	1	1.797693e+308	B
26 23	0	1.797693e+308	B
27 32	1	1.797693e+308	B
27 47	0	1.797693e+308	B
27 2	1	1.797693e+308	B
27 7	1	1.797693e+308	RT
27 29	1	1.797693e+308	B
27 18	1	1.797693e+308	RT
27 37	1	1.797693e+308	RT
27 42	0	1.797693e+308	B
27 22	1	1.797693e+308	B
27 4	0	1.797693e+308	B
27 6	1	1.797693e+308	B
27 23	0	1.797693e+308	B
27 50	0	1.797693e+308	B
28 31	1	1.797693e+308	B
28 20	0	1.797693e+308	B
28 22	0	1.797693e+308	B
28 43	0	1.797693e+308	B
28 24	1	1.797693e+308	RT
28 25	1	1.797693e+308	B
28 4	1	1.797693e+308	B
28 15	1	1.797693e+308	B
28 35	0	1.797693e+308	B
28 19	1	1.797693e+308	B
28 40	0	1.797693e+308	B
28 38	1	1.797693e+308	RT
29 43	0	1.797693e+308	B
29 13	1	1.797693e+308	B
29 14	1	1.797693e+308	B
29 30	0	1.797693e+308	B
29 15	1	1.797693e+308	B
29 27	1	1.797693e+308	B
29 1	0	1.797693e+308	B
29 11	0	1.797693e+308	B
29 34	1	1.797693e+308	RT
29 40	0	1.797693e+308	B
29 37	1	1.797693e+308	RT
29 23	1	1.797693e+308	B
30 47	1	1.797693e+308	B
30 32	1	1.797693e+308	B
30 1	0	1.797693e+308	B
30 44	1	1.797693e+308	B
30 5	1	1.797693e+308	RT
30 14	0	1.797693e+308	B
30 4	1	1.797693e+308	B
30 7	0	1.797693e+308	B
30 38	1	1.797693e+308	RT
30 48	0	1.797693e+308	B
30 29	1	1.797693e+308	B
30 21	0	1.797693e+308	B
31 22	1	1.797693e+308	B
31 28	1	1.797693e+308	RT
31 43	1	1.797693e+308	B
31 13	0	1.797693e+308	B
31 11	1	1.797693e+308	B
31 38	1	1.797693e+308	B
31 48	0	1.797693e+308	B
31 8	1	1.797693e+308	B
31 18	0	1.797693e+308	B
31 10	0	1.797693e+308	B
31 41	1	1.797693e+308	RT
31 42	0	1.797693e+308	B
32 27	1	1.797693e+308	RT
32 44	1	1.797693e+308	B
32 43	1	1.797693e+308	RT
32 25	0	1.797693e+308	B
32 16	1	1.797693e+308	B
32 40	1	1.797693e+308	RT
32 7	0	1.797693e+308	B
32 2	1	1.797693e+308	RT
32 48	1	1.797693e+308	B
32 26	0	1.797693e+308	B
32 46	1	1.797693e+308	B
32 11	0	1.797693e+308	B
32 45	1	1.797693e+308	B
32 50	0	1.797693e+308	B
33 9	1	1.797693e+308	RT
33 47	0	1.797693e+308	B
33 15	1	1.797693e+308	B
33 27	0	1.797693e+308	B
33 17	1	1.797693e+308	B
33 7	1	1.797693e+308	B
33 40	0	1.797693e+308	B
33 26	0	1.797693e+308	B
33 6	1	1.797693e+308	B
33 44	1	1.797693e+308	B
33 21	0	1.797693e+308	B
33 12	1	1.797693e+308	RT
34 20	1	1.797693e+308	RT
34 43	1	1.797693e+308	RT
34 49	0	1.797693e+308	B
34 47	0	1.797693e+308	B
34 27	0	1.797693e+308	B
34 40	1	1.797693e+308	B
34 48	0	1.797693e+308	B
34 26	1	1.797693e+308	B
34 29	1	1.797693e+308	B
34 46	0	1.797693e+308	B
34 30	1	1.797693e+308	B
34 11	1	1.797693e+308	B
34 23	1	1.797693e+308	RT
35 34	0	1.797693e+308	B
35 20	0	1.797693e+308	B
35 36	1	1.797693e+308	B
35 25	1	1.797693e+308	B
35 49	1	1.797693e+308	RT
35 18	1	1.797693e+308	RT
35 37	1	1.797693e+308	RT
35 22	1	1.797693e+308	B
35 14	1	1.797693e+308	B
35 19	0	1.797693e+308	B
35 38	0	1.797693e+308	B
35 8	1	1.797693e+308	B
35 23	0	1.797693e+308	B
35 50	1	1.797693e+308	RT
36 39	1	1.797693e+308	RT
36 20	1	1.797693e+308	RT
36 5	0	1.797693e+308	B
36 43	0	1.797693e+308	B
36 9	1	1.797693e+308	B
36 47	1	1.797693e+308	RT
36 27	0	1.797693e+308	B
36 26	0	1.797693e+308	B
36 10	1	1.797693e+308	B
36 33	0	1.797693e+308	B
36 13	1	1.797693e+308	RT
36 24	1	1.797693e+308	B
36 46	1	1.797693e+308	RT
36 35	1	1.797693e+308	B
36 45	1	1.797693e+308	B
37 32	0	1.797693e+308	B
37 5	1	1.797693e+308	RT
37 47	1	1.797693e+308	RT
37 27	1	1.797693e+308	B
37 40	0	1.797693e+308	B
37 29	1	1.797693e+308	B
37 10	1	1.797693e+308	RT
37 33	0	1.797693e+308	B
37 3	0	1.797693e+308	B
37 35	1	1.797693e+308	B
37 11	0	1.797693e+308	B
37 38	1	1.797693e+308	B
37 6	1	1.797693e+308	B
37 45	1	1.797693e+308	RT
38 37	1	1.797693e+308	RT
38 32	1	1.797693e+308	B
38 28	1	1.797693e+308	B
38 43	1	1.797693e+308	B
38 47	0	1.797693e+308	B
38 49	1	1.797693e+308	RT
38 16	1	1.797693e+308	B
38 7	0	1.797693e+308	B
38 31	1	1.797693e+308	RT
38 14	0	1.797693e+308	B
38 30	1	1.797693e+308	B
38 34	0	1.797693e+308	B
38 6	1	1.797693e+308	RT
38 12	0	1.797693e+308	B
39 9	0	1.797693e+308	B
39 3	0	1.797693e+308	B
39 36	1	1.797693e+308	B
39 14	0	1.797693e+308	B
39 46	1	1.797693e+308	RT
39 18	1	1.797693e+308	B
39 44	1	1.797693e+308	B
39 23	1	1.797693e+308	RT
39 21	1	1.797693e+308	B
39 12	0	1.797693e+308	B
39 42	1	1.797693e+308	B
39 43	0	1.797693e+308	B
40 47	1	1.797693e+308	B
40 32	1	1.797693e+308	B
40 44	0	1.797693e+308	B
40 48	1	1.797693e+308	RT
40 29	0	1.797693e+308	B
40 33	0	1.797693e+308	B
40 24	1	1.797693e+308	RT
40 14	1	1.797693e+308	RT
40 15	1	1.797693e+308	B
40 19	1	1.797693e+308	B
40 11	1	1.797693e+308	RT
40 34	1	1.797693e+308	B
40 6	0	1.797693e+308	B
40 45	0	1.797693e+308	B
41 7	0	1.797693e+308	B
41 22	1	1.797693e+308	B
41 36	0	1.797693e+308	B
41 5	1	1.797693e+308	RT
41 28	0	1.797693e+308	B
41 9	1	1.797693e+308	B
41 49	1	1.797693e+308	RT
41 48	1	1.797693e+308	B
41 10	0	1.797693e+308	B
41 29	0	1.797693e+308	B
41 31	1	1.797693e+308	B
41 23	1	1.797693e+308	B
42 22	1	1.797693e+308	RT
42 39	1	1.797693e+308	RT
42 3	1	1.797693e+308	B
42 13	1	1.797693e+308	B
42 43	1	1.797693e+308	B
42 24	1	1.797693e+308	B
42 30	0	1.797693e+308	B
42 19	0	1.797693e+308	B
42 7	0	1.797693e+308	B
42 18	1	1.797693e+308	B
42 10	0	1.797693e+308	B
42 21	0	1.797693e+308	B
43 20	0	1.797693e+308	B
43 44	1	1.797693e+308	B
43 32	1	1.797693e+308	B
43 1	1	1.797693e+308	B
43 17	1	1.797693e+308	RT
43 2	0	1.797693e+308	B
43 40	0	1.797693e+308	B
43 48	1	1.797693e+308	B
43 31	1	1.797693e+308	RT
43 42	1	1.797693e+308	RT
43 46	1	1.797693e+308	RT
43 34	1	1.797693e+308	B
43 8	0	1.797693e+308	B
43 6	1	1.797693e+308	RT
43 23	0	1.797693e+308	B
44 50	0	1.797693e+308	B
44 32	1	1.797693e+308	RT
44 39	1	1.797693e+308	RT
44 43	1	1.797693e+308	RT
44 49	1	1.797693e+308	B
44 40	1	1.797693e+308	B
44 10	0	1.797693e+308	B
44 21	1	1.797693e+308	B
44 33	1	1.797693e+308	RT
44 42	0	1.797693e+308	B
44 14	1	1.797693e+308	B
44 4	0	1.797693e+308	B
44 15	1	1.797693e+308	RT
44 30	1	1.797693e+308	B
44 35	0	1.797693e+308	B
45 32	1	1.797693e+308	RT
45 1	1	1.797693e+308	RT
45 36	1	1.797693e+308	RT
45 25	1	1.797693e+308	RT
45 17	0	1.797693e+308	B
45 40	0	1.797693e+308	B
45 7	1	1.797693e+308	B
45 2	0	1.797693e+308	B
45 26	0	1.797693e+308	B
45 37	1	1.797693e+308	B
45 13	1	1.797693e+308	B
45 20	1	1.797693e+308	RT
45 14	0	1.797693e+308	B
45 19	1	1.797693e+308	B
45 34	1	1.797693e+308	B
46 36	1	1.797693e+308	B
46 39	1	1.797693e+308	B
46 32	1	1.797693e+308	RT
46 43	1	1.797693e+308	B
46 25	1	1.797693e+308	RT
46 49	0	1.797693e+308	B
46 2	1	1.797693e+308	RT
46 29	0	1.797693e+308	B
46 21	1	1.797693e+308	B
46 24	0	1.797693e+308	B
46 14	0	1.797693e+308	B
46 34	1	1.797693e+308	B
46 41	0	1.797693e+308	B
47 4	1	1.797693e+308	RT
47 20	1	1.797693e+308	B
47 36	1	1.797693e+308	B
47 44	0	1.797693e+308	B
47 1	1	1.797693e+308	RT
47 25	1	1.797693e+308	RT
47 27	0	1.797693e+308	B
47 40	1	1.797693e+308	RT
47 7	0	1.797693e+308	B
47 18	0	1.797693e+308	B
47 37	1	1.797693e+308	B
47 3	1	1.797693e+308	B
47 30	1	1.797693e+308	RT
47 8	1	1.797693e+308	B
47 45	0	1.797693e+308	B
48 32	1	1.797693e+308	B
48 43	1	1.797693e+308	RT
48 9	1	1.797693e+308	B
48 16	0	1.797693e+308	B
48 17	1	1.797693e+308	RT
48 36	0	1.797693e+308	B
48 40	1	1.797693e+308	B
48 18	0	1.797693e+308	B
48 31	1	1.797693e+308	B
48 14	0	1.797693e+308	B
48 6	1	1.797693e+308	B
48 41	1	1.797693e+308	RT
48 23	0	1.797693e+308	B
49 35	1	1.797693e+308	B
49 44	1	1.797693e+308	RT
49 1	0	1.797693e+308	B
49 3	1	1.797693e+308	B
49 32	0	1.797693e+308	B
49 24	1	1.797693e+308	B
49 7	0	1.797693e+308	B
49 38	1	1.797693e+308	B
49 10	1	1.797693e+308	RT
49 41	1	1.797693e+308	B
49 37	0	1.797693e+308	B
49 23	0	1.797693e+308	B
50 13	0	1.797693e+308	B
50 4	1	1.797693e+308	B
50 15	1	1.797693e+308	B
50 49	0	1.797693e+308	B
50 35	1	1.797693e+308	B
50 16	1	1.797693e+308	B
50 17	1	1.797693e+308	RT
50 11	1	1.797693e+308	B
50 19	0	1.797693e+308	B
50 45	0	1.797693e+308	B
50 21	0	1.797693e+308	B
