1 35 4.509636e-01 3 B
1 18 4.531514e-01 2 B
1 43 5.128915e-01 4 B
1 15 5.246664e-01 3 B
1 20 3.228495e-01 3 B
1 10 4.501630e-01 4 B
1 16 5.785780e-01 4 B
1 46 5.855549e-01 3 B
1 36 5.969383e-01 4 B
1 42 6.098863e-01 3 B
2 35 6.520914e-01 3 B
2 8 4.766294e-01 3 B
2 28 5.295027e-01 3 B
2 31 5.399294e-01 4 B
2 37 6.019046e-01 4 B
2 7 6.490456e-01 2 B
2 46 6.568484e-01 3 B
2 19 6.582704e-01 4 B
2 1 6.627879e-01 4 B
2 9 6.671241e-01 2 B
3 38 5.644364e-01 2 B
3 29 5.846519e-01 3 B
3 11 5.933172e-01 4 B
3 14 6.284530e-01 4 B
3 17 6.323766e-01 3 B
3 37 6.400321e-01 2 B
3 35 6.577128e-01 3 B
3 39 6.635198e-01 3 B
3 30 6.894258e-01 2 B
3 8 7.030693e-01 3 B
4 5 4.628684e-01 4 B
4 12 4.882125e-01 3 B
4 31 4.901723e-01 3 B
4 40 4.949740e-01 4 B
4 50 5.282261e-01 3 B
4 21 5.649204e-01 4 B
4 46 5.741852e-01 3 B
4 47 5.744129e-01 4 B
4 19 5.973811e-01 4 B
4 33 6.099491e-01 3 B
5 19 3.345224e-01 4 B
5 31 4.059871e-01 3 B
5 30 4.365421e-01 3 B
5 4 4.628684e-01 4 B
5 37 4.657848e-01 4 B
5 47 4.849293e-01 3 B
5 11 4.974293e-01 3 B
5 46 5.168709e-01 3 B
5 12 5.267807e-01 4 B
5 8 5.343798e-01 4 B
6 43 4.726304e-01 4 B
6 11 6.010152e-01 4 B
6 23 6.102563e-01 4 B
6 37 6.347846e-01 3 B
6 10 6.362792e-01 2 B
6 5 6.991334e-01 2 B
6 19 7.021320e-01 2 B
6 49 7.028010e-01 2 B
6 29 7.075470e-01 3 B
6 45 7.082158e-01 4 B
7 31 4.243242e-01 3 B
7 46 4.353695e-01 4 B
7 40 5.017583e-01 3 B
7 19 5.076353e-01 4 B
7 44 5.335928e-01 4 B
7 5 5.427219e-01 3 B
7 18 5.442930e-01 3 B
7 20 5.800340e-01 4 B
7 36 5.815801e-01 4 B
7 10 5.832352e-01 3 B
8 2 4.766294e-01 4 B
8 28 5.052073e-01 4 B
8 14 5.226052e-01 4 B
8 37 5.260691e-01 3 B
8 19 5.316541e-01 2 B
8 31 4.041052e-01 3 B
8 5 5.343798e-01 3 B
8 46 5.574772e-01 3 B
8 39 5.721990e-01 3 B
8 40 5.854502e-01 2 B
9 21 5.766842e-01 2 B
9 28 5.782433e-01 3 B
9 42 6.087978e-01 2 B
9 46 6.164235e-01 3 B
9 37 6.209750e-01 4 B
9 31 6.286185e-01 2 B
9 16 6.413640e-01 4 B
9 15 6.489139e-01 4 B
9 8 6.489977e-01 2 B
9 39 6.496151e-01 3 B
10 36 4.755600e-01 4 B
10 35 3.408373e-01 3 B
10 20 4.255511e-01 4 B
10 1 4.501630e-01 3 B
10 43 4.512736e-01 3 B
10 15 4.628822e-01 2 B
10 29 4.861020e-01 2 B
10 37 4.887499e-01 4 B
10 44 5.040966e-01 3 B
10 32 5.295000e-01 4 B
11 23 4.067760e-01 4 B
11 19 4.309471e-01 3 B
11 37 4.315241e-01 3 B
11 33 4.643897e-01 3 B
11 29 4.923184e-01 3 B
11 5 4.974293e-01 3 B
11 30 5.076742e-01 4 B
11 13 5.106172e-01 4 B
11 14 5.128747e-01 4 B
11 41 5.185581e-01 4 B
12 41 3.798350e-01 4 B
12 50 4.244314e-01 4 B
12 32 4.595922e-01 3 B
12 40 4.665770e-01 4 B
12 48 4.692113e-01 3 B
12 4 4.882125e-01 3 B
12 46 4.991181e-01 3 B
12 47 5.175717e-01 4 B
12 5 5.267807e-01 2 B
12 19 5.320650e-01 3 B
13 29 5.082054e-01 4 B
13 47 4.523795e-01 4 B
13 23 4.644709e-01 4 B
13 37 4.712873e-01 3 B
13 41 4.855935e-01 3 B
13 50 4.985161e-01 3 B
13 11 5.106172e-01 3 B
13 44 5.301461e-01 3 B
13 17 5.792186e-01 4 B
13 15 5.859525e-01 4 B
14 30 4.725661e-01 3 B
14 50 4.911515e-01 4 B
14 41 5.095074e-01 4 B
14 11 5.128747e-01 3 B
14 8 5.226052e-01 3 B
14 19 4.524748e-01 4 B
14 23 5.392277e-01 3 B
14 22 5.597544e-01 3 B
14 31 5.612366e-01 2 B
14 12 5.615997e-01 4 B
15 39 5.052538e-01 3 B
15 35 4.124735e-01 4 B
15 10 4.628822e-01 3 B
15 27 4.765993e-01 4 B
15 24 4.985996e-01 3 B
15 36 5.006910e-01 3 B
15 1 5.246664e-01 3 B
15 23 5.274380e-01 4 B
15 37 5.506916e-01 4 B
15 41 5.525732e-01 2 B
16 41 4.407225e-01 3 B
16 23 4.781027e-01 3 B
16 39 5.207968e-01 3 B
16 17 5.261166e-01 3 B
16 1 5.785780e-01 3 B
16 18 5.936464e-01 4 B
16 20 5.943426e-01 2 B
16 10 6.015247e-01 2 B
16 35 6.046104e-01 4 B
16 31 6.100701e-01 2 B
17 29 5.068060e-01 3 B
17 16 5.261166e-01 3 B
17 21 5.601757e-01 2 B
17 35 5.751902e-01 3 B
17 13 5.792186e-01 3 B
17 46 6.006333e-01 4 B
17 41 6.049964e-01 4 B
17 47 6.132239e-01 4 B
17 28 6.174976e-01 3 B
17 14 6.208631e-01 2 B
18 20 3.140303e-01 3 B
18 46 4.189402e-01 4 B
18 1 4.531514e-01 3 B
18 21 4.869101e-01 4 B
18 42 4.910762e-01 3 B
18 43 5.356846e-01 4 B
18 7 5.442930e-01 3 B
18 10 5.706118e-01 3 B
18 16 5.936464e-01 4 B
18 44 5.954221e-01 2 B
19 30 3.265423e-01 4 B
19 5 3.345224e-01 4 B
19 31 3.879610e-01 3 B
19 11 4.309471e-01 3 B
19 14 4.524748e-01 4 B
19 23 4.684435e-01 3 B
19 41 4.968864e-01 4 B
19 7 5.076353e-01 3 B
19 33 5.199504e-01 4 B
19 37 5.283094e-01 3 B
20 18 3.140303e-01 3 B
20 1 3.228495e-01 4 B
20 10 4.255511e-01 3 B
20 46 4.607061e-01 2 B
20 42 4.723971e-01 4 B
20 43 5.171216e-01 4 B
20 35 5.246126e-01 3 B
20 36 5.310587e-01 3 B
20 48 5.341319e-01 3 B
20 32 5.431011e-01 4 B
21 47 4.458911e-01 3 B
21 50 4.740639e-01 3 B
21 18 4.869101e-01 4 B
21 39 5.153752e-01 3 B
21 40 5.170382e-01 2 B
21 46 4.055781e-01 3 B
21 31 5.220032e-01 2 B
21 36 5.397828e-01 4 B
21 42 5.438801e-01 4 B
21 44 5.494885e-01 3 B
22 14 5.597544e-01 3 B
22 46 5.645506e-01 3 B
22 50 5.714173e-01 3 B
22 21 6.292370e-01 4 B
22 44 6.299947e-01 3 B
22 26 6.349391e-01 2 B
22 12 6.433573e-01 4 B
22 48 6.468933e-01 4 B
22 40 6.493093e-01 3 B
22 17 6.544423e-01 2 B
23 19 4.684435e-01 3 B
23 41 2.916194e-01 3 B
23 33 3.898678e-01 2 B
23 11 4.067760e-01 3 B
23 50 4.507925e-01 4 B
23 13 4.644709e-01 4 B
23 16 4.781027e-01 2 B
23 37 4.788021e-01 3 B
23 39 5.003664e-01 3 B
23 43 5.273543e-01 2 B
24 26 4.729928e-01 4 B
24 15 4.985996e-01 3 B
24 35 5.244589e-01 3 B
24 27 5.264790e-01 4 B
24 42 5.466043e-01 3 B
24 50 5.784715e-01 4 B
24 20 5.831829e-01 4 B
24 39 5.858214e-01 2 B
24 34 5.875428e-01 4 B
24 21 5.932713e-01 3 B
25 32 6.088474e-01 3 B
25 14 6.548819e-01 3 B
25 11 6.638030e-01 4 B
25 10 6.740309e-01 3 B
25 30 6.834961e-01 4 B
25 35 7.066296e-01 3 B
25 3 7.301642e-01 4 B
25 41 7.498358e-01 3 B
25 37 7.543238e-01 4 B
25 23 7.613139e-01 4 B
26 24 4.729928e-01 2 B
26 48 5.419022e-01 3 B
26 10 5.544602e-01 2 B
26 35 5.621666e-01 4 B
26 20 5.714220e-01 3 B
26 49 5.997860e-01 1 B
26 50 6.040099e-01 4 B
26 32 6.261053e-01 3 B
26 1 6.264496e-01 3 B
26 16 6.335404e-01 2 B
27 48 4.695932e-01 2 B
27 15 4.765993e-01 3 B
27 32 4.961072e-01 2 B
27 42 5.152576e-01 3 B
27 24 5.264790e-01 2 B
27 34 3.870066e-01 3 B
27 35 5.343549e-01 4 B
27 41 5.699497e-01 2 B
27 10 5.714424e-01 3 B
27 21 5.750731e-01 3 B
28 9 5.782433e-01 2 B
28 37 4.064256e-01 4 B
28 29 4.843351e-01 2 B
28 8 5.052073e-01 3 B
28 2 5.295027e-01 3 B
28 46 5.302393e-01 2 B
28 10 5.812413e-01 1 B
28 31 5.860475e-01 3 B
28 47 6.014861e-01 3 B
28 43 6.049196e-01 2 B
29 37 4.340952e-01 3 B
29 38 4.341524e-01 2 B
29 28 4.843351e-01 2 B
29 10 4.861020e-01 2 B
29 47 4.907662e-01 3 B
29 11 4.923184e-01 3 B
29 17 5.068060e-01 3 B
29 35 5.069640e-01 4 B
29 13 5.082054e-01 4 B
29 23 5.443127e-01 3 B
30 19 3.265423e-01 4 B
30 5 4.365421e-01 4 B
30 14 4.725661e-01 3 B
30 11 5.076742e-01 3 B
30 7 5.835980e-01 3 B
30 35 5.906769e-01 3 B
30 23 5.913683e-01 4 B
30 31 5.954140e-01 4 B
30 46 6.205111e-01 2 B
30 27 6.249399e-01 4 B
31 19 3.879610e-01 4 B
31 8 4.041052e-01 3 B
31 5 4.059871e-01 4 B
31 7 4.243242e-01 2 B
31 40 4.406920e-01 2 B
31 46 4.784319e-01 3 B
31 39 4.900822e-01 2 B
31 4 4.901723e-01 4 B
31 37 5.038033e-01 3 B
31 41 5.111505e-01 3 B
32 48 3.921601e-01 3 B
32 12 4.595922e-01 4 B
32 41 4.945855e-01 3 B
32 27 4.961072e-01 3 B
32 34 4.998034e-01 3 B
32 42 5.165779e-01 4 B
32 10 5.295000e-01 4 B
32 20 5.431011e-01 4 B
32 15 5.587097e-01 3 B
32 23 5.622612e-01 4 B
33 23 3.898678e-01 3 B
33 41 4.272853e-01 3 B
33 11 4.643897e-01 2 B
33 31 5.170512e-01 4 B
33 19 5.199504e-01 2 B
33 45 5.282167e-01 3 B
33 5 5.372875e-01 4 B
33 39 5.775259e-01 2 B
33 32 5.997278e-01 3 B
33 15 6.036773e-01 3 B
34 48 4.983141e-01 4 B
34 32 4.998034e-01 3 B
34 42 5.070717e-01 3 B
34 50 5.283455e-01 3 B
34 21 5.529889e-01 3 B
34 27 3.870066e-01 2 B
34 47 5.857756e-01 4 B
34 12 5.873163e-01 4 B
34 24 5.875428e-01 3 B
34 14 5.972393e-01 2 B
35 10 3.408373e-01 3 B
35 15 4.124735e-01 3 B
35 1 4.509636e-01 2 B
35 29 5.069640e-01 4 B
35 24 5.244589e-01 3 B
35 20 5.246126e-01 2 B
35 27 5.343549e-01 3 B
35 38 5.395586e-01 2 B
35 26 5.621666e-01 2 B
35 36 5.629160e-01 2 B
36 20 5.310587e-01 3 B
36 37 4.499516e-01 4 B
36 10 4.755600e-01 4 B
36 15 5.006910e-01 4 B
36 44 5.069363e-01 3 B
36 46 5.178840e-01 3 B
36 38 5.376738e-01 3 B
36 21 5.397828e-01 3 B
36 35 5.629160e-01 4 B
36 49 5.735677e-01 2 B
37 28 4.064256e-01 2 B
37 11 4.315241e-01 4 B
37 29 4.340952e-01 3 B
37 36 4.499516e-01 4 B
37 38 4.565850e-01 3 B
37 39 4.567542e-01 3 B
37 5 4.657848e-01 4 B
37 13 4.712873e-01 2 B
37 23 4.788021e-01 3 B
37 47 4.791206e-01 3 B
38 29 4.341524e-01 4 B
38 37 4.565850e-01 3 B
38 10 5.366189e-01 3 B
38 36 5.376738e-01 3 B
38 35 5.395586e-01 2 B
38 39 5.430797e-01 4 B
38 50 5.640252e-01 4 B
38 3 5.644364e-01 3 B
38 15 5.767627e-01 3 B
38 47 5.792463e-01 4 B
39 37 4.567542e-01 3 B
39 31 4.900822e-01 3 B
39 23 5.003664e-01 3 B
39 15 5.052538e-01 4 B
39 21 5.153752e-01 2 B
39 16 5.207968e-01 3 B
39 38 5.430797e-01 2 B
39 29 5.691920e-01 3 B
39 8 5.721990e-01 2 B
39 11 5.744461e-01 4 B
40 12 4.665770e-01 4 B
40 4 4.949740e-01 3 B
40 7 5.017583e-01 3 B
40 21 5.170382e-01 4 B
40 46 4.116120e-01 3 B
40 31 4.406920e-01 3 B
40 50 5.189635e-01 3 B
40 19 5.533385e-01 2 B
40 5 5.588246e-01 4 B
40 41 5.693679e-01 4 B
41 23 2.916194e-01 2 B
41 12 3.798350e-01 4 B
41 33 4.272853e-01 3 B
41 16 4.407225e-01 3 B
41 50 4.702022e-01 3 B
41 13 4.855935e-01 2 B
41 32 4.945855e-01 3 B
41 19 4.968864e-01 4 B
41 14 5.095074e-01 2 B
41 31 5.111505e-01 3 B
42 32 5.165779e-01 4 B
42 20 4.723971e-01 3 B
42 48 4.909591e-01 3 B
42 18 4.910762e-01 3 B
42 34 5.070717e-01 2 B
42 27 5.152576e-01 3 B
42 43 5.209558e-01 4 B
42 46 5.374835e-01 3 B
42 21 5.438801e-01 4 B
42 24 5.466043e-01 4 B
43 10 4.512736e-01 3 B
43 6 4.726304e-01 3 B
43 1 5.128915e-01 4 B
43 20 5.171216e-01 4 B
43 42 5.209558e-01 4 B
43 23 5.273543e-01 3 B
43 37 5.327644e-01 3 B
43 18 5.356846e-01 3 B
43 46 5.686430e-01 4 B
43 19 5.754084e-01 4 B
44 46 4.481798e-01 3 B
44 47 4.933095e-01 2 B
44 48 4.952644e-01 2 B
44 10 5.040966e-01 2 B
44 36 5.069363e-01 4 B
44 19 5.298023e-01 4 B
44 13 5.301461e-01 3 B
44 7 5.335928e-01 3 B
44 12 5.339609e-01 3 B
44 21 5.494885e-01 3 B
45 42 6.508783e-01 2 B
45 33 5.282167e-01 2 B
45 5 6.029691e-01 3 B
45 39 6.143959e-01 2 B
45 23 6.258262e-01 3 B
45 31 6.395704e-01 4 B
45 40 6.628590e-01 4 B
45 11 6.724197e-01 4 B
45 21 6.761229e-01 3 B
45 50 6.839969e-01 4 B
46 40 4.116120e-01 3 B
46 18 4.189402e-01 4 B
46 7 4.353695e-01 4 B
46 44 4.481798e-01 3 B
46 20 4.607061e-01 4 B
46 21 4.055781e-01 3 B
46 31 4.784319e-01 4 B
46 12 4.991181e-01 3 B
46 5 5.168709e-01 3 B
46 36 5.178840e-01 2 B
47 21 4.458911e-01 3 B
47 13 4.523795e-01 4 B
47 37 4.791206e-01 4 B
47 5 4.849293e-01 4 B
47 29 4.907662e-01 3 B
47 44 4.933095e-01 2 B
47 50 5.138958e-01 3 B
47 12 5.175717e-01 3 B
47 46 5.275640e-01 4 B
47 31 5.739552e-01 3 B
48 34 4.983141e-01 4 B
48 32 3.921601e-01 4 B
48 12 4.692113e-01 2 B
48 27 4.695932e-01 2 B
48 42 4.909591e-01 4 B
48 44 4.952644e-01 3 B
48 46 5.253553e-01 3 B
48 20 5.341319e-01 3 B
48 26 5.419022e-01 3 B
48 41 5.508320e-01 2 B
49 36 5.735677e-01 4 B
49 37 5.787851e-01 3 B
49 32 5.899536e-01 3 B
49 23 5.906972e-01 4 B
49 26 5.997860e-01 4 B
49 12 6.040363e-01 4 B
49 41 6.232053e-01 4 B
49 10 6.386499e-01 3 B
49 33 6.391252e-01 3 B
49 50 6.431121e-01 3 B
50 12 4.244314e-01 4 B
50 23 4.507925e-01 3 B
50 41 4.702022e-01 4 B
50 21 4.740639e-01 2 B
50 14 4.911515e-01 3 B
50 13 4.985161e-01 4 B
50 47 5.138958e-01 3 B
50 40 5.189635e-01 3 B
50 4 5.282261e-01 3 B
50 34 5.283455e-01 4 B
